"V1" "V2" "V3" "V4" "V5" "V6" "V7" "V8" "V9" "V10" "V11" "V12" "V13" "V14" "V15" "V16" "V17" "V18" "V19" "V20" "V21" "V22" "V23" "V24" "V25" "V26" "V27" "V28" "V29" "V30"
"1" NA NA NA NA NA NA NA NA NA NA NA 182.585131080228 177.265875584691 169.075229315291 136.394159412492 141.633125230707 142.389237318279 189.84534329469 218.478276492968 NA NA NA NA NA NA NA NA NA NA NA
"2" NA NA NA NA NA NA NA NA 250.027259666104 192.48592027404 193.970660499308 192.363677379283 177.338093188164 161.192367189968 138.153863649601 135.697061242042 160.034911922751 168.926719997761 210.670193485139 175.671820328023 175.476151235255 244.66985274906 NA NA NA NA NA NA NA NA
"3" NA NA NA NA NA NA NA 255.390611753913 164.429952399906 182.364916254564 178.363083256912 207.65266294873 162.872632173745 158.197923308349 141.081114814808 156.528261586749 133.498127707217 206.100861302031 210.128997473727 212.683525381866 204.368591186598 235.977876049369 227.217608719453 NA NA NA NA NA NA NA
"4" NA NA NA NA NA 276.995494240206 191.606538673013 215.787746288812 292.150357993261 226.925316011526 215.772737711094 201.122609672196 172.78356119801 166.6683416144 138.548231149569 143.926388563452 163.298612930203 213.647190137007 219.374763278278 224.118556106092 208.997176274389 250.788761388748 292.07393646592 233.268231107477 230.278773488202 NA NA NA NA NA
"5" NA NA NA NA 214.470262113153 244.998769248492 269.706451412974 189.850078429757 246.441257428106 260.652237484637 221.365437162155 210.544135800723 207.381106310082 158.983617656811 141.847327257526 153.897760545057 167.274260872665 189.844256721467 196.693839069751 210.286974053037 248.355382941323 247.494812285313 272.563775888471 201.041197874216 193.277922750527 232.06322908762 NA NA NA NA
"6" NA NA NA 207.468824108663 246.525958610902 285.421296176121 261.004797700382 261.314502039145 211.68947008926 196.619177179069 205.321509160969 240.163323129852 217.193066891295 159.020496822375 146.359974525996 149.162555959115 177.488096290436 201.633433520871 199.814776558335 226.364053295675 269.083455183625 262.00459884396 225.944269689595 246.101190593667 213.428123415058 213.921738905641 229.603334830181 NA NA NA
"7" NA NA NA 238.209329930877 244.383579673567 266.912681741328 311.733032470145 226.516450442584 235.958821095245 224.59992887514 216.000401191888 226.221850660008 199.803119521786 160.667677972309 162.40963445659 152.402896588707 182.495101571083 198.676211439938 227.415729431227 222.205367007579 250.294730852576 275.316941591193 238.488713139005 246.715673318257 234.117031769069 306.217011986608 275.375930758816 NA NA NA
"8" NA NA 217.592815906373 248.474942940477 267.702143143268 252.157422560537 224.243149516662 206.613551274236 220.698801855077 258.618620696967 224.416091713577 228.930634759027 179.454882509315 186.337832579052 151.853327371466 142.379245924185 169.599647590299 203.093327835451 220.413107284543 211.915918067584 225.017901429699 270.694514812549 239.929875651311 253.247746773152 237.738319815526 267.309520657667 161.016522247759 249.731403343476 NA NA
"9" NA 252.975075788307 288.491703621235 203.357113622336 247.903048319851 178.529876349274 185.46972253707 288.847133851576 287.794810794933 250.27500045597 225.423118180773 205.924201927512 193.490442341289 170.663597026972 153.627447643158 150.903660260724 159.673012994013 232.101357524284 185.811056658187 233.498816131358 229.873434237311 191.307593157311 273.066248058895 282.892020543614 255.996720876993 299.942024426075 280.854977419902 209.90811370332 267.386881897374 NA
"10" NA 246.822970016007 208.146734548701 217.190604508243 295.549945003337 178.943449954199 241.198891110671 220.633568960632 222.747844886229 248.048991985713 227.782066385307 201.987585373651 209.529019685657 192.400845104188 157.833011553075 164.549889636676 180.743154203219 179.219844802729 199.294772550114 263.827160378367 201.092555787093 297.330050841647 241.298974701202 226.179848761674 225.718690934372 275.299160792818 220.987421519794 205.831926946861 258.349153670155 NA
"11" NA 247.206105907888 245.801382931933 252.881076386644 199.631745415397 248.940489253902 273.504705776642 248.119108672776 257.731405798478 245.436038234121 245.232349355748 238.992205570392 212.542467124839 182.837601779878 166.59189352489 148.380532121644 187.533904568099 208.517099932852 207.782808910944 254.899317785466 226.496910847265 228.180479683182 268.561902047203 223.825599704723 247.562901904556 277.31621286158 248.883154315301 251.039096731445 241.700822814128 NA
"12" 203.27598920105 302.79525641475 267.534612213634 247.529720716747 248.281006877171 269.420359263145 274.090917352888 269.897525824706 241.516858482912 266.67455773726 245.282814564709 235.505265820915 221.567371156788 186.950007093403 171.185699858166 175.781883645339 206.325250432069 190.910666560165 237.822893165888 252.55602000002 262.523917665524 251.048891349891 241.295473615099 264.27795352329 245.740686041716 323.49013454183 236.150903273911 212.564316419699 208.12140473215 188.424900888354
"13" 279.780594565111 280.234141547844 248.120763668354 250.184914568743 271.390879615365 335.003226224729 220.523781059412 220.749146543843 232.029930540297 233.056336292242 231.842152394601 253.90401716778 226.791491574568 207.301681755964 156.137606030025 174.373297544418 195.028233624107 232.713057608741 221.929488407579 246.30833268497 252.480447805605 230.314925917006 234.065095679426 286.40479399332 280.0634593551 213.251205533955 241.825283372595 261.311881470826 330.798120034177 174.967195099005
"14" 219.863261916764 265.06842938024 266.791099852243 218.110937367099 241.5615694996 211.152481072021 306.824721784984 282.94928004254 295.16024416609 273.681530291359 252.339229123239 250.265721000661 235.885553496347 208.386841744084 157.762685250282 150.446766870371 192.171925048757 212.248981751172 231.412134629561 279.177228433771 228.407552852781 305.94295555661 282.06700315993 292.029366975466 250.872052524182 300.859423724489 272.770228466774 241.43213300855 250.394250563546 201.256294838387
"15" 282.316829916516 186.881925906486 265.803664986502 338.414584209999 306.649163010739 249.141028421796 240.442999123964 274.289940954588 234.740467513518 232.635865445817 286.201348110672 250.341731681448 228.898104164736 181.560643356865 160.793447397645 172.191657400472 205.594599563978 240.390033368046 264.781766949586 255.736051776368 219.236062141873 279.616612125262 315.310162169977 253.951286021645 275.5050967512 266.527586809055 233.344764895234 250.956268424985 251.51178353093 231.203558982523
"16" 224.466938646432 249.934259854545 243.018330755875 271.404240235462 249.688413093774 235.902064545428 312.51372062803 250.107165657224 287.168172212773 278.806182605187 272.574938864449 245.62181623965 234.064507197725 176.557072838073 172.14628597908 168.190155656541 210.266853481293 243.0192920334 249.002228524655 237.064357671404 288.786123287072 311.469657263702 306.804305663519 249.347709212839 262.871665402438 220.442232555271 310.384538520993 289.099616672611 312.622320984959 265.30888267962
"17" 224.713623321964 280.505200391986 230.892641312333 334.230964225902 271.437715328767 228.650927582761 242.210689243237 257.210800661258 234.915669287631 240.988782294108 257.677151735247 231.344846694839 208.426489322901 172.099318140923 160.390062054552 157.476788318056 171.381871080054 250.903098312025 249.373483951681 268.936718388752 308.251007432502 248.517873436556 237.041948780225 255.077858168305 274.418524017144 259.836543491384 308.922995755125 255.083347262432 168.204406330849 259.540016537511
"18" 267.563830283925 184.379278980399 246.947615346316 212.638732502835 213.761438565173 283.67390017192 265.347506929392 266.165596771032 270.807720775588 298.696056248231 268.047128518522 248.106005974019 218.189899553518 176.077673499856 161.550524500247 171.575770239188 192.872096867797 227.68773525352 258.28216768826 257.450350209027 263.436286795734 224.44716776765 264.779936328759 276.880377167162 206.397576010786 247.303491788253 215.747940550476 311.458621351406 269.414291311681 261.480691740085
"19" 246.310196812042 250.614829597273 264.788313774742 263.314634038899 234.046100908574 258.829426905961 229.971369246424 256.044778345342 238.958472933943 259.629285521886 233.609849232431 221.194249107432 213.312935132945 191.833051515134 164.002487868336 157.143504126954 189.180191125194 235.537840596034 225.679633693306 230.093389881987 267.499306983044 261.969535458244 274.081072562721 244.876017403249 244.125655086563 255.715325275216 271.136795561905 312.317002391373 324.202326787295 256.53347736114
"20" NA 251.06427653185 187.133110645901 300.973037506998 253.448325457367 276.386673575753 255.671890999991 245.607326506332 246.769002117632 279.469088687792 220.792089879084 258.588555475185 219.432835886416 159.068217959103 157.101309726248 156.354046762577 180.240763109775 206.835793550757 255.035646240667 237.236427593558 215.920600154055 237.730871000197 266.583783963578 273.894872791541 288.841931806157 297.303289646904 256.975734784274 278.597352448419 256.398259305692 NA
"21" NA 219.399385990644 230.307057042682 234.281482718702 210.04537174705 246.481093830866 236.759444675933 252.462485359686 258.851048066392 215.980431077654 219.480868812865 238.018705209576 205.647849586825 175.485269616384 160.023275400311 153.865395195763 160.275414444797 212.399795084506 232.644456543703 250.771768028242 233.099389421589 290.906502340019 252.407070627273 246.499569997636 198.876674511666 296.072618346518 258.765500630208 167.180968849628 157.797353799966 NA
"22" NA 232.188282103405 275.535070198844 271.539265563251 264.994209679141 265.658676382119 272.293110276444 278.767416722177 218.629387438691 259.895075875644 240.720731844919 220.043638113193 199.680400026028 169.313297310893 160.108623542422 158.933832393681 179.202607398243 215.823578073359 224.002656803604 236.242750329244 229.574418759295 206.97788661144 238.283038178447 252.925823159517 256.135030940036 217.672096725353 191.64598958552 242.217101233526 181.404941210998 NA
"23" NA NA 177.013200930902 260.464166747463 265.297182552799 265.792446831692 291.311786973595 253.505473588255 195.941889296579 241.606872181267 211.79517887468 227.455746647171 190.094239219451 174.581298509997 156.645275747505 153.016479706619 163.334038421665 189.426027730674 241.162125017237 220.38224357078 186.302904426067 193.067069336191 243.707269534623 260.363864864124 259.919119443852 198.985937684915 323.802028957833 267.991691041739 NA NA
"24" NA NA NA 239.051900115387 188.145544755928 255.727285607117 209.922847186062 226.647999308821 205.646382515519 195.647440618367 220.969463015061 207.841785567878 199.799510023259 173.609266205167 162.155119844299 145.965718668605 169.330483696084 199.195609019428 214.465852767573 215.558865802454 248.867168361773 251.532302491512 204.682813463788 235.302314782095 214.459049678873 214.263644284161 231.910056943883 NA NA NA
"25" NA NA NA 263.008653408791 290.619157263559 209.834937929887 246.848351938603 276.03926238466 241.36534198727 252.425169947515 212.264224185859 194.722296744938 179.041576283313 183.378700208075 151.501418281461 136.097719894848 161.590147604379 191.701631967289 212.246298484384 227.343226153196 234.756160346355 218.178783991327 322.703949168073 279.376081189673 283.744442602392 261.612224723506 277.516183244926 NA NA NA
"26" NA NA NA NA 249.992843009538 259.485835332543 218.182326556661 247.988179066203 207.125371349416 253.58242416409 233.029070589886 214.632209193539 185.216588351192 154.458363887793 139.12763554072 139.486320299288 165.305033982209 182.286076860562 170.413223328782 194.287517964384 210.741924081135 269.298547964468 278.014918337538 249.534897499263 239.083402477258 210.164875227051 NA NA NA NA
"27" NA NA NA NA NA 291.165926290423 243.298511801874 232.591985128325 202.714064431565 238.629661254216 219.76837999171 190.518382991457 193.226538067961 185.460241858344 158.695250315303 134.411416278022 152.123548267571 188.118746221666 161.210231817805 224.986472253153 230.79253009834 174.067025210947 234.543395683581 235.748182912113 286.491702307451 NA NA NA NA NA
"28" NA NA NA NA NA NA NA 223.287755255643 249.218071930832 227.920964335578 229.370783043417 195.886050737324 207.811112848199 153.974006217081 136.123841947793 138.72761650685 158.515282507231 184.127248500157 207.001885739527 180.393076291737 218.036987883512 218.408291048582 215.737432070327 NA NA NA NA NA NA NA
"29" NA NA NA NA NA NA NA NA 222.96446519368 208.982620307298 183.274673066888 214.774370294938 174.552987113508 143.211687394653 145.00944139692 131.892595170968 182.492794725287 172.23262166336 203.61238781794 172.542825907891 209.125590018887 277.411518254456 NA NA NA NA NA NA NA NA
"30" NA NA NA NA NA NA NA NA NA NA NA 209.895687462942 150.789873825397 158.547752080908 154.050880028311 142.120151369498 193.80811293675 173.933847850777 209.424828500519 NA NA NA NA NA NA NA NA NA NA NA
