"V1" "V2" "V3" "V4" "V5" "V6" "V7" "V8" "V9" "V10" "V11" "V12" "V13" "V14" "V15" "V16" "V17" "V18" "V19" "V20" "V21" "V22" "V23" "V24" "V25" "V26" "V27" "V28" "V29" "V30"
"1" NA NA NA NA NA NA NA NA NA NA NA 110.057108887498 108.828451879397 86.2611444124421 89.0534140324173 77.8676007216654 87.895479613507 90.849303988552 99.46699758955 NA NA NA NA NA NA NA NA NA NA NA
"2" NA NA NA NA NA NA NA NA 110.099976130202 103.70416124326 105.957074919155 93.9111870143042 99.1747675993465 104.483661636001 86.470795500896 93.5681707921612 98.4989956492454 77.1761305949493 92.5519836482543 76.9825460138619 97.8438463927814 74.6954203525687 NA NA NA NA NA NA NA NA
"3" NA NA NA NA NA NA NA 102.722442551368 85.9371782012025 84.0646749300055 111.74902931603 99.5121833575854 88.5817968984593 93.7064167575004 82.9716269969536 95.4018364795861 107.823667536315 97.5872832402666 97.6451434087875 87.9998795232008 88.50256892106 93.3014448519797 72.6518918966322 NA NA NA NA NA NA NA
"4" NA NA NA NA NA 99.1131350223501 90.9320392234287 97.4625217110917 86.5035818162673 120.306480066269 116.204719743171 102.693621112699 93.4255655275438 88.2115053437061 100.678993525807 94.1311835681379 87.2007878416794 92.2172588747443 104.292672955101 84.5057390930017 93.1218538100684 87.3681551508513 72.9970712052385 94.4834989221591 86.6404264334866 NA NA NA NA NA
"5" NA NA NA NA 118.199940892666 93.912711107546 118.933788426544 90.1934161946834 94.0813078390637 100.744234368303 101.921488794198 114.067243386374 98.5727396755447 92.4033068302319 97.3702797327637 104.707017062227 95.6289606697022 94.1600162072002 98.9906532282112 91.7050345581564 91.7516699016798 95.6519237306167 84.3855388760932 85.6500232907979 83.8009023979084 76.5240559231807 NA NA NA NA
"6" NA NA NA 147.201873245123 81.8971663404241 78.7745094554073 79.7421380025474 73.0384005152648 95.0973545296112 104.782461354713 105.68526936451 100.161112679376 85.666196263302 102.791666925108 122.693927680068 96.8236722940564 88.3547016457937 105.270262390001 123.904563943532 91.1978228735472 98.1581122966043 103.161827529442 92.2171847558983 74.150156275694 72.7895002479592 81.402458222133 76.1096709739455 NA NA NA
"7" NA NA NA 84.1952580908144 128.819519221313 100.609515665097 NA 97.9509112937474 90.3361446086109 115.656047997816 84.4294135194107 81.8845690563557 111.289346304025 98.1984284619005 103.103706828897 99.4772706800706 83.232292304659 116.344471686261 114.098549699443 111.348410482174 112.984933405431 NA 83.114419687664 96.7564566854658 94.0504747056392 84.539321628253 72.9857247478507 NA NA NA
"8" NA NA 135.852213918538 138.794051212377 92.0926383195399 96.6814959304415 129.503102719892 95.9952085466288 89.1417869437373 109.057248473009 102.416013447142 103.485592985867 90.5792800852782 97.7258581330279 91.343746584018 110.360632312701 97.6836533876346 112.694122124155 100.191507761507 122.601122765962 91.3004308382956 88.5198320457926 92.4381770506736 81.2929185030834 80.7365869753652 79.0932456542121 106.799890234305 94.0751559041685 NA NA
"9" NA 70.9976651824268 159.647460372532 112.385100671039 173.48171267899 72.8387748017472 124.320392309518 90.3984399882092 117.632637106821 127.550467955124 115.63588543064 119.485910546604 108.091797228204 112.936581021537 99.9623519048701 98.158090186657 98.6898162275844 96.6449232597995 99.13121928844 90.597221811751 100.673322815976 98.6494005635198 105.161910845627 88.7407527533007 87.1230915475739 85.2929069686367 152.952777943499 74.5359408033679 72.78540197072 NA
"10" NA 75.8940157972437 83.8525293399712 71.737896801622 92.0484255144981 116.224405301076 84.971904358844 109.704881989006 120.739522123441 124.76576223761 94.5545628729161 97.982408732386 93.9526624010456 104.58937498755 114.71573155958 105.448010321123 97.5496685368488 126.837961432183 112.090362485863 98.2546075792793 98.604844597051 87.8841007201779 107.408663014288 99.5777886534803 84.0474217195169 119.386695208957 93.4015394299851 113.818897176999 NA NA
"11" NA 81.9623162962877 88.3335102418902 104.802334776802 75.0237709184208 80.3587982643603 120.081803451781 126.521685628191 85.7479038892623 120.975829903445 103.157978266188 103.760411420407 108.861142603448 104.750215910423 101.546645053874 108.839129852562 104.111580625558 84.4166099600107 109.429754184395 93.8272997691073 93.1678324433681 119.99791334568 117.549005009276 117.980052470647 86.7422513233791 96.1507839235086 74.9804500910543 104.56373292858 83.823246519607 NA
"12" 131.8321430182 138.787937359401 97.4310240598625 82.5042614453865 87.5502890897725 97.31965294103 106.192236693537 108.422233178074 99.7011081227812 106.049401416287 103.589937583031 115.475969818458 97.7282469459371 111.403471086252 95.5026607281282 96.5387936864545 92.047816994938 98.1318265958479 107.688308312371 107.178368398172 106.750682166204 92.0628762747679 87.4101131604047 103.275122886894 107.416273563382 116.144681574962 73.0152175376154 81.3440678159812 72.7880304614846 69.3190293360205
"13" 94.7725933392097 72.790520190886 92.1284529147225 113.705782479837 92.0536521894443 103.964618837479 99.7652287218547 88.5554035652225 117.35983037035 103.674918820586 100.156749433389 104.416215912742 110.378552615836 113.997289822255 99.4100538534775 102.795721975245 97.0150627834642 104.333951615074 104.243220294921 92.3052264538173 101.282153591943 116.861135747168 94.3207341840108 128.563976089128 85.9098312785978 74.4377006397162 95.7142762261161 86.320778117378 74.9578358521961 72.77388448085
"14" 134.763460470235 133.257614708748 77.4454381596148 81.471352592395 84.344789840037 92.5716530263454 90.880309748369 100.540284414715 120.36500591707 116.521177828328 109.948263681301 112.356124979208 115.402980430432 103.07074852405 94.4094210740449 96.3687332857608 97.0627358096652 98.1193978962884 99.4263849627224 103.121290536762 104.466482891828 101.648192811145 99.1866439522284 132.376386738075 129.076269730035 76.9953117131331 91.4013178585128 111.241291057293 86.3811572550546 79.5036558775797
"15" 84.6069580276414 142.870927174954 84.4674469769011 116.8794926261 87.7966586815012 86.7680756499472 90.6777220426334 82.8888809079035 113.701035798237 121.449944657659 109.025631732969 98.8956425971691 112.141911830171 104.817105148978 99.232314528361 93.191050996016 96.5287849254221 105.700721551303 111.04526400316 106.341786226421 117.78885305487 96.6276889489032 104.651732507191 102.426854083588 93.6068535666565 88.027445726943 NA 90.9942775473751 96.4381788228907 120.127507448259
"16" NA 72.7805522746216 80.9401287651327 83.6718872279919 74.0456270764896 104.79661544624 109.572031685612 78.6649002015082 108.293547901037 101.11104750548 104.42515978117 90.2323031015104 110.419648569015 108.273723300657 96.5280069776391 103.701873512435 99.9927735028294 101.47534349634 92.0146180670462 104.738159230805 92.0640123084053 115.736534276393 105.14747390717 116.508964389258 87.9944981653634 85.2190418217129 83.606213438561 72.6334007959819 104.888337048575 72.7884780801838
"17" 76.7705053731061 83.2981810934223 106.877557888051 91.8775875455226 109.86439267235 111.211466145198 106.903055582697 109.218209167795 102.714690240756 99.8412211655331 107.846448795734 98.6182110004749 101.286545085803 96.8664482084628 107.009592513016 103.178040685476 96.7641461300494 103.994171211492 102.841577817876 112.693415638187 97.7086611107543 121.278944393282 84.0638369235293 92.5799393053912 111.768486646254 72.7577248076142 86.5248705737644 NA 72.6984001597486 77.2176079965488
"18" 148.983894332675 101.560974382705 72.734211509179 89.2829724396374 90.1491978673954 105.050235151036 126.893331575262 82.9241790590594 106.87462517744 98.9640071915348 109.136007685596 101.37485067052 115.563730543352 104.055337753096 98.8745173565902 103.259527669795 95.9861174527305 101.625174698954 97.3660052277067 102.255606239546 98.2797969689953 91.6108786712963 101.806541867387 98.9115854657549 86.8805777965619 91.0005075861263 107.792820831305 88.4824686593331 107.922068477731 72.8121837877331
"19" NA 109.05827127036 95.3445301082649 110.589311088256 86.5553892727364 90.7660184021617 98.4967341027824 107.732855790016 117.122758844204 99.4377799637932 114.196510763415 102.097358383771 108.338813974911 100.114902039754 104.034008038838 97.9503351717963 96.8980225080845 105.831310802484 103.185141150504 119.509815469074 95.9635101399534 101.871654513275 103.163742416145 95.0983275782862 100.788023410545 95.0567050829459 83.8897586626281 72.7839604909562 72.3779985979514 74.8014501193601
"20" NA 99.3574258008595 74.5116682886535 79.2913670333711 110.466877139714 95.2050708179464 96.2572362392494 93.6249262745074 83.2230858802538 106.035586665749 100.177255542166 104.657938479555 99.3926371795388 105.697983342401 90.7479120500956 102.905322073921 96.9262338186795 107.400270816782 101.821616439711 97.6162846588595 106.346626676801 97.1370182617424 101.158917077569 104.658956088463 99.2936159535315 87.4810680260969 90.6295663702319 83.0197552171413 82.7647889191942 NA
"21" NA 108.096459715184 113.668098647591 72.5356294030566 136.917187793624 82.5794371728004 73.2024404502256 110.751370664137 123.759338130285 102.123080075399 101.775787816753 110.133622229968 110.828027438443 97.239727629633 105.951683182599 100.780892483327 108.428310660195 102.366901137483 107.28362409059 115.297732441332 113.585943959892 99.1540102868726 91.202202392106 118.845836262006 94.1013381196848 88.7965417449492 88.742983461355 99.5161824141245 89.8492873774693 NA
"22" NA 84.6266235405343 104.626948161152 86.4416966659753 76.4581211008604 85.8662720872671 103.321981978666 116.007259406795 85.7011599869032 103.555845424958 111.316029474394 115.744594410036 100.673787715625 96.5795688803936 100.986753077305 99.1989357231638 91.9129716432869 112.052093020748 99.1774579023729 115.731178695322 95.4102753655375 78.4251457958964 126.249173046475 86.2166146231217 92.1453686415278 111.684700529248 88.9298249082745 85.5192220406286 75.4594413260264 NA
"23" NA NA 71.9462019929233 120.421830167482 119.507708936824 86.1991497527957 89.2981363053261 81.597939919163 112.93024336905 92.6894742616673 96.2769019090093 115.33716791264 122.586266797906 101.180544058677 130.86209862996 98.7450483015111 105.109671798966 97.6107645701859 110.746725136373 105.929437866449 98.5931073554081 79.1999736271006 97.3040051633527 101.85803017489 93.6157258822911 82.4808097247425 73.3608226894394 72.6245862110838 NA NA
"24" NA NA NA 76.2950871903195 73.0562446214923 97.3130473646854 109.253436879311 131.225862241476 93.4995807427765 96.3888274925014 99.4521444899997 105.398608084779 90.1269582776553 109.270934257789 100.709334688014 94.7965551897141 105.60060587248 102.57777821642 90.2950385132769 82.5923874051057 136.568399590505 105.590152318659 74.8659921984561 90.3552147637164 123.835134962812 86.2895955140313 123.982356966915 NA NA NA
"25" NA NA NA 75.2822303259893 97.9474053275397 120.87226291149 83.0512179841217 81.0224433222886 86.9792856068065 92.7268556300643 114.739225616351 84.2360089052002 90.4245996521064 95.912574490156 89.6916313384682 87.5216526525454 102.774298465337 77.982118382297 97.3730946608988 85.0785545342578 107.326036322084 79.050854433634 93.3575246997336 102.387377951983 94.0924504692817 83.2690197659666 77.5994680742297 NA NA NA
"26" NA NA NA NA 72.5680307377626 89.9840462348137 65.5318652498758 86.9545410818235 119.858366964616 73.4958629595822 85.7721702850287 98.2249374015508 102.55195649394 102.165421127683 99.3012084533452 102.636598075249 102.223113225896 104.132873236951 94.9314902821737 85.4226803706009 92.9153864295877 79.5490788007516 106.075563925382 82.507395325449 75.3680020561071 97.2904779865475 NA NA NA NA
"27" NA NA NA NA NA 107.365776335499 79.2645011148244 91.1040180623172 87.7244216660017 89.1509719721494 116.512773905527 90.7137700336162 105.421442404803 88.9863334303229 88.6087096196715 96.4101278904376 91.717888522257 75.878755868375 105.293482193456 108.946820261749 104.820563969512 93.393294438496 98.9945901749489 120.935593983096 91.8284387212051 NA NA NA NA NA
"28" NA NA NA NA NA NA NA 92.9028711344648 77.3430743991958 89.1400792907311 95.8036215639116 124.378338115769 116.221818896296 100.268740943006 80.9846182503093 89.8297232879107 89.2514113279106 112.567536324673 97.6336469460587 99.2425484925217 88.8228518276052 96.7667356156382 93.3266225850943 NA NA NA NA NA NA NA
"29" NA NA NA NA NA NA NA NA 72.3390713198473 95.5922470171443 94.4676983244247 111.82885423637 83.9098419592654 89.3294549914282 90.2663985894149 92.4923203147207 95.8210707142126 79.8687936517782 99.1150208979699 96.8596924299093 87.8520765437412 80.3168914646788 NA NA NA NA NA NA NA NA
"30" NA NA NA NA NA NA NA NA NA NA NA 87.532985645334 78.5790323570993 98.3596899931089 114.848281071775 95.486580451394 86.5259243322216 120.928709527004 107.242213106834 NA NA NA NA NA NA NA NA NA NA NA
