"V1" "V2" "V3" "V4" "V5" "V6" "V7" "V8" "V9" "V10" "V11" "V12" "V13" "V14" "V15" "V16" "V17" "V18" "V19" "V20" "V21" "V22" "V23" "V24" "V25" "V26" "V27" "V28" "V29" "V30"
"1" NA NA NA NA NA NA NA NA NA NA NA 81.6391232221332 109.201530633108 75.3381301129425 86.7600648309639 79.1001222267253 95.8633454247133 73.7894806841009 66.4455175430375 NA NA NA NA NA NA NA NA NA NA NA
"2" NA NA NA NA NA NA NA NA 105.031488469268 80.4124543478365 78.0869488273291 75.485744264471 79.5250649707111 81.3147256937995 89.0601988155486 83.2669860418078 84.1467782873159 82.6514689087302 71.6468520319844 77.6072385021758 79.4469274262349 80.4386159843171 NA NA NA NA NA NA NA NA
"3" NA NA NA NA NA NA NA 90.3662362513794 72.7278320450482 72.7658643051738 101.073450754899 106.610969772214 85.9085355199763 78.0548579899728 78.1960481319778 98.5776625735534 80.3388049821796 87.6681413356026 81.7319841086749 102.285991932333 88.7236469478734 79.2167468248389 72.1302816234896 NA NA NA NA NA NA NA
"4" NA NA NA NA NA 72.7098494677595 NA 75.8716303735049 66.1289621227075 115.957709166323 81.0187119901715 95.9415391085345 89.8502968874349 84.3719449653062 89.4406553982604 97.5087559565914 82.49287111906 104.120859615195 80.5405419971917 91.3878626218605 93.8097497181495 79.294280353779 70.7764759913022 90.1519631197653 74.0464178713234 NA NA NA NA NA
"5" NA NA NA NA 72.7544600011049 NA 72.5331137145386 92.9421391763212 74.540451115833 97.2369979705588 78.6353423753588 85.5667543949058 84.3729935812762 88.1359689296018 82.8433848135037 85.3914380881563 89.2482152778802 89.3329209876717 81.7442360486274 97.0656484555697 89.2695192978517 130.011344711819 75.3708223970792 71.6304352277618 71.4609809780379 NA NA NA NA NA
"6" NA NA NA NA 73.2498152118873 77.1909503046749 72.6391604299743 76.5177910044221 NA 82.0512613924164 82.3778117287653 83.5709601161465 104.409059325792 86.8505272649823 83.1323848349576 84.8677229605133 86.47044729422 84.1206727202172 93.9229916914578 84.3866852166737 77.2909108631915 94.8618948813428 75.9627226509169 84.3041046609656 75.9336678988552 NA 101.306644477553 NA NA NA
"7" NA NA NA NA 101.086826975802 72.7036123071295 72.9905049643998 78.5488952076856 75.2637873078379 96.0138927679213 91.105327815365 81.8740282688931 82.1919141059807 89.1212490841144 83.1677160630656 84.761150408268 84.4855315072566 97.8310960282502 102.380984307587 92.1945957384305 92.8091197439663 98.8512197122953 95.4277018044962 80.926015280432 72.7709466303295 83.3315413620493 72.7598682979033 NA NA NA
"8" NA NA 74.4442205052484 70.5547298554878 NA 71.3763950627975 115.516463914019 94.8736736306974 106.98492440253 100.973452821728 87.8710924486666 94.8031742308009 89.2489720817311 87.7907904217558 88.4993158536116 90.7941080966275 82.6596615389209 89.3206871564598 108.588628445456 101.969436169874 74.1506908168714 85.4473918747811 95.5876548438346 72.832278753884 72.7913310913099 122.986230616843 72.7714579336905 72.6680067494033 NA NA
"9" NA 72.7692955749249 72.7102745779572 NA NA 111.099787091635 94.9738109232783 93.2605340662261 72.3981661495171 90.1374893610189 82.1091637726645 93.0543540522619 84.8425311066698 89.1242714519293 86.3905989685576 92.7827404238517 92.5672574825364 100.118832293301 78.2344813991511 85.4813387566151 94.5356386450237 79.9667226805821 100.056135642602 85.5418432681113 NA 68.4171065181264 72.8437413151598 NA 74.0573329167539 NA
"10" NA NA NA NA 98.4784550302972 91.4449470107719 89.8837690555868 84.8214101850459 103.163089674509 77.1117906859307 83.7633993306318 95.9132361662084 89.4279725269462 106.320049745817 89.1395942739907 84.7641952190393 90.8507118327233 87.704960917854 107.563030201202 95.0440959267937 107.808306623521 69.2663362472897 72.6937912051458 94.2353116791564 121.384125317826 88.422454497863 72.5611507003361 NA NA NA
"11" NA NA NA 89.9916462513785 NA 81.5915163752533 87.0387572372268 90.0993079765953 83.9220112380546 109.616743934687 88.5886344204941 87.6824327837556 112.757460694385 93.3626831211722 91.7556731649466 99.2770344528878 91.9823524530888 82.1518858818943 83.3587146146061 77.7018965031094 102.316578886204 109.231625642035 82.3966682770626 95.5900210120286 72.9706932775704 72.5986638344381 NA 75.3516066698475 NA NA
"12" NA NA NA 72.661542217962 87.5357188470281 72.7725060174803 106.08209470332 89.6373987336456 89.8128509123799 100.743151207522 94.0959358469201 92.1986825312157 92.9089108512535 86.7313779275198 84.5369487081559 91.9364912937557 94.357381944096 89.3735055020509 91.7674152872439 98.085996591903 87.4744283020883 101.08623646953 75.0963422038756 92.1560993194078 NA 72.7620591645536 86.5204051315288 72.5722110736879 77.2347460638695 NA
"13" 96.6223702568573 NA 72.988038759175 74.762214497644 71.3234086291411 NA 80.6517862540058 79.380446796403 81.370058431586 98.6954355832714 102.925308623029 123.128464374792 110.68879471378 103.200888083951 84.4572522757152 84.081549014235 97.358890437382 103.515877748 110.59734319317 101.112015387656 108.389993388421 90.5297587849564 77.7403889519517 104.118851352489 86.3314846366931 71.1095514287238 81.6041302173402 NA 72.7096177480401 NA
"14" NA 86.0827794215666 72.7706148397549 74.1374076966083 98.4047107189243 96.2342051581784 104.537065769742 98.5840405807576 91.0716151157098 100.067311674967 93.3040729230821 105.023328396284 96.4329208525247 88.2809706844417 86.51311605765 94.2625720887498 98.6331251146217 91.7785757279278 87.767592126597 110.763981331111 85.7269887205689 99.5255322512692 72.7547485303153 105.225701666729 NA 91.3057661586185 80.2797223272533 72.7212650928326 87.9598884322638 72.50995929426
"15" NA 73.7521893384775 NA 72.7330489177465 112.751790414095 86.024153781088 90.0852795392792 86.5748334088486 92.6810812985172 114.696893637732 118.322904420907 95.650780751171 86.0442922432655 94.1805431452754 84.7118518555573 99.9151181428926 98.1546116391582 115.552939822437 99.8171505539238 114.429917631462 83.7499426251604 78.6785290594224 71.6149831076192 81.1625833414371 72.9929014686826 72.1760760340696 72.767861201675 72.5533100509069 72.5838440432783 NA
"16" NA 72.7693791863871 77.3573556871975 87.5425323312471 72.7720962869132 NA 98.1911803751397 80.5194652625844 115.38557502522 86.9064541234094 94.7928680778002 99.7524641056517 94.4796988997295 88.678036181605 97.7908538336839 95.5796377652401 98.0084239392716 98.3155478551103 99.104576049141 95.0342387654691 92.7773277584856 96.0296768418127 81.0051847023732 89.595935006909 100.799844519581 NA NA NA NA NA
"17" 72.7515644991151 NA NA 72.7570703099532 78.4442951430005 93.1813248894136 76.1701466934508 72.7680339779942 90.7480624003695 86.2091460296164 88.2431381711988 103.185058098215 88.647556247243 96.5917361574951 91.6081134380326 88.7115976829315 93.6270610600842 92.228900102116 82.5926803975468 84.0500170660026 87.5523690833923 72.6322543742464 85.3761039158626 90.5664524617888 92.8867655991811 NA NA NA 72.6035867548735 89.2233132749442
"18" NA 87.5382636468371 NA 72.7007800048092 72.7510522919748 NA 71.538501557352 98.5754629885958 111.883462694282 125.707484808511 88.9059326799337 105.183687126938 106.110768062857 89.5603098288643 90.0877981446116 90.8517656194148 84.7829390441836 94.708137245534 92.3630166628198 83.4761850025254 97.3790513487842 105.311827306452 74.2425537727016 100.724461066035 72.6337912663233 NA NA 72.7135632163982 72.5840486140421 72.7647632660965
"19" 72.7562070489092 72.7403251133214 72.7076356754689 NA 87.4519920124015 92.8132688729764 102.10022816867 87.6445425116242 130.79455354438 76.0397810783428 96.4826452938838 91.3098361332649 102.020077787758 86.695342671959 91.1887391713873 89.3341884946634 97.561109538988 93.551175477654 91.733389487862 98.662757849851 99.9541007392963 110.632688786714 77.8869554815838 107.753094113268 77.2117800723852 71.0797373851439 73.9736870514051 NA NA NA
"20" NA NA 72.0796911989497 86.8098799174484 NA 105.562853187473 98.1532275851767 72.7657518103849 87.9147346810395 94.8824469480053 108.830817055824 90.7997775727753 91.800438487442 98.7409017655151 91.466544825984 91.2500147528322 94.9845287961804 102.749431379076 104.417827856638 106.968722696096 105.062310534255 73.8667287835385 94.6027359313346 96.3952167300112 70.2366435407915 NA 59.8927491559353 72.7573089431948 72.1232276351225 NA
"21" NA 76.5944466433525 NA NA NA 72.7735602609498 117.934688219045 105.533919918092 79.2700105923837 82.9354992269511 85.1065304418568 99.0905487077323 95.3137732825274 97.1924411821366 87.2327791220667 84.5659809264107 84.7178802823634 100.203636687064 96.6988809844494 100.730279650699 84.5330666271822 95.2146316313966 73.5501983347568 84.5184866046834 103.479653757573 72.7194932338569 NA 66.9104656455692 72.7277672384584 NA
"22" NA 75.3784267177607 NA NA 79.2733677961117 72.7662899090846 89.5819343243226 88.5360682153274 86.5883255568129 91.5804917675567 81.9901234500538 102.663603983775 85.7750230798591 90.8901431350419 93.6091671569067 92.4050608556966 107.188353869289 96.0308083670771 81.6395434813965 89.9956580238233 73.0184244962796 94.4106207154354 90.6885479768112 100.493140649 78.7190681921326 72.1553974089781 72.7268556959501 NA 72.7281284233469 NA
"23" NA NA 72.7662373502279 NA 71.2616474288759 NA 81.8756883101074 74.1349690198312 81.5470692371621 101.958842956662 85.5729302904204 109.217043832423 90.3593308239465 94.3369235592181 81.3693865140286 89.8270091374318 100.791482995571 89.5197801061076 94.6499359585955 89.543322416732 97.1382705669557 72.7511981626565 80.3130366861213 72.4273877763258 79.3567008277038 72.7224557139489 72.7603092025373 72.7645261115251 NA NA
"24" NA NA NA 72.7113918391087 72.8948199473699 72.6598428899771 86.5012625104048 124.357282271375 92.4051075691876 75.6816787999583 89.3360412562501 101.868251770084 105.143386783645 86.1351953223109 86.8941100223766 84.9430927944531 96.6764963659655 83.4405313527423 93.6978948498111 79.6655797302998 84.8615796494764 72.9029764795936 72.7341103256039 74.9537015199118 72.5954246331003 NA NA NA NA NA
"25" NA NA NA 72.5068258210563 72.5609261833691 82.2305623342255 82.4840998175199 103.892189122705 86.0279799266173 88.1602364977198 89.9367391922415 95.8459933073474 92.4941991295424 94.6559442564215 82.8822967781014 86.503627449802 84.4792778893264 85.5804068587775 114.167640599965 84.7744655115234 81.3984102156123 105.246968463159 87.6930427531275 84.977740918179 NA NA 72.6197796117211 NA NA NA
"26" NA NA NA NA 72.5520662915245 80.0049996531649 92.712157489214 77.3537125064837 82.5444188983137 89.5565119517635 88.658002487084 86.708348407714 81.9179387369322 103.904116077501 83.1634282002982 90.7955622974294 88.4002743472466 76.2267556921053 90.5286330029985 98.227980293871 91.9721248676744 91.2717485676507 81.0859745495528 78.0142732583416 72.7401711029788 NA NA NA NA NA
"27" NA NA NA NA NA 84.2855645476706 74.0230530307879 72.7588532378666 74.1913858771191 97.5350533096462 105.245668278249 91.2880837758738 80.0280440057968 79.9707649725044 89.3396364865494 82.398197303237 79.0227470687335 88.3933355053831 92.0550839431251 111.45640043372 121.683935627106 94.6873562800812 72.7703988779505 74.3590994557932 71.8643829037529 NA NA NA NA NA
"28" NA NA NA NA NA NA NA 79.6431729315638 77.0015497216427 73.9699070017865 86.7927815726904 98.4093037568184 85.4107216116876 87.2651384853734 91.3936041837465 81.9147542732718 83.4225639216589 84.4693021456941 85.4253373575791 72.6717612541929 91.3394660558122 76.4658659994255 89.1801949683249 NA NA NA NA NA NA NA
"29" NA NA NA NA NA NA NA NA 77.7694785960332 92.0751534191895 73.952620010635 82.2273382934225 90.8408753771485 93.2627481424017 87.1184350741652 92.8322439072556 91.6888219159322 98.5443893663911 74.4292240455691 75.9990640543512 79.3820756275383 69.8668797664535 NA NA NA NA NA NA NA NA
"30" NA NA NA NA NA NA NA NA NA NA NA 84.3218961840121 82.8371533401396 88.8029711116188 80.2758606370718 82.2816842840166 86.0846340759135 78.5441550248933 95.3509486367301 NA NA NA NA NA NA NA NA NA NA NA
