"V1" "V2" "V3" "V4" "V5" "V6" "V7" "V8" "V9" "V10" "V11" "V12" "V13" "V14" "V15" "V16" "V17" "V18" "V19" "V20" "V21" "V22" "V23" "V24" "V25" "V26" "V27" "V28" "V29" "V30"
"1" NA NA NA NA NA NA NA NA NA NA NA 175.879232579474 211.418358723958 130.129673409308 182.456896179209 175.646927719967 182.506995392555 190.260968351527 191.485310615651 NA NA NA NA NA NA NA NA NA NA NA
"2" NA NA NA NA NA NA NA NA 199.55350490947 187.417483873045 159.022525234942 196.701630591809 176.066286808889 186.49138989185 156.482539523539 176.071800335715 163.757226043993 148.125139729291 161.620328245495 161.809899227484 157.209357070828 147.09203822624 NA NA NA NA NA NA NA NA
"3" NA NA NA NA NA NA NA 187.410767316649 180.422818883507 187.563933660948 189.899397676094 169.539982499549 174.9477284644 151.894818137941 168.217198492642 165.435521380046 149.697355486994 180.885845738507 167.898632791034 194.94599860599 204.630483057024 175.180914149334 182.124310422014 NA NA NA NA NA NA NA
"4" NA NA NA NA NA 207.070882357368 206.927400385106 158.945450024172 143.16250846345 157.554941798253 164.982565343686 189.563913130494 160.787914422095 168.451313102785 162.321378948818 169.601377099466 155.257276718678 150.55331198259 180.565157027337 141.272805984514 140.155016360493 154.741746216151 171.431882653036 165.672150940904 185.856595033449 NA NA NA NA NA
"5" NA NA NA NA 147.967124149396 198.222783618851 167.481555490251 176.185084793578 146.127835591036 158.347420877093 183.626530949203 165.115586227224 192.721853193156 158.159845789165 169.060271022987 181.02516048279 199.148272425422 169.533815400749 153.180670298884 213.338539118602 140.182204448694 182.02174831973 185.357063276371 169.655988404975 157.261702539456 138.922655028712 NA NA NA NA
"6" NA NA NA 239.616597142263 165.85213725189 192.411420144534 179.093355567283 185.311862203263 165.559001098132 185.019296060729 183.926847422287 161.85086979626 182.57202226345 150.912166342467 151.054644474932 163.688811070367 143.004822459044 205.74698901953 150.983796505686 177.944722128193 175.964186791531 152.213503293305 257.855294655575 163.699997847058 189.461404648636 133.160383981883 145.673722486292 NA NA NA
"7" NA NA NA 166.359248536846 121.807411362235 193.958234418013 129.537952175466 160.753254923322 162.65423419883 140.982404962937 195.071496602329 163.113637475352 166.744371476201 141.582452680222 179.080209049263 151.479041596245 149.456358827942 151.387399410397 144.506518428425 169.277866748872 131.701703137241 167.695052293765 183.522553544686 181.909809219579 129.586921802027 158.731223246263 119.39992365316 NA NA NA
"8" NA NA 162.751131966447 204.038060411422 120.419230241833 161.974481229295 222.275635349437 127.160186342571 160.644159419623 177.142767575188 167.5110469814 165.563262404696 151.686751178002 147.217394981936 163.076804802141 143.654148221269 129.857933640479 145.367238708848 172.989025136684 192.623780826884 166.559720311237 187.574721055451 197.508268651199 196.714425188396 164.207652447596 117.451698437453 150.651501110048 177.848054165719 NA NA
"9" NA 135.362743286759 202.879828330299 154.474480970391 168.199526097925 144.985367956047 157.999122612615 137.966186039297 141.864061303883 141.07065577993 168.244720880173 156.098719802811 190.344310717259 179.76967616252 146.257494765941 156.543765899291 137.165632528653 158.59395219483 165.489503709127 168.944192340843 174.60228435141 199.744259897439 161.530654972942 181.352587339805 137.055250929198 163.358913595008 158.17391109184 188.169550308318 224.043090114535 NA
"10" NA 166.99079058436 289.306015169538 156.615816970558 145.898200466822 154.140403545314 180.519416324308 151.493047732175 142.8020006504 167.565358238666 140.223273028283 158.739044310099 151.523534306686 152.641006763717 128.441633429406 131.227827244713 159.302873455323 148.407601590033 132.071373776218 172.417046178596 173.905396280778 126.9322169049 156.757214532941 151.495170714916 146.315814511922 169.641787875689 176.785337575152 169.354820700255 148.437346051993 NA
"11" NA 186.167133441691 166.245133974965 149.25974609322 178.571596761339 179.333469004392 126.406178490842 161.140725083559 194.49398808689 155.945058000214 146.475599241635 137.60936047688 160.626590500185 147.747195434409 136.710237440068 118.264069338014 139.576167546901 141.834024045004 134.300619432109 151.781834097264 130.53130673243 192.932678319043 172.087095507688 164.228123880841 153.033051976127 152.089663231866 131.379303652835 237.24152301969 136.934585055684 NA
"12" 156.103129653845 180.812028683002 142.364048160543 127.540764235325 154.293690195752 183.854815005763 145.554785301929 164.903682289923 174.825134463017 157.694628737629 143.469982508127 151.452462145852 172.322374832185 129.581776605247 135.460943713854 143.505410193349 145.319508735654 133.644507311096 150.356140004053 173.902634732619 165.032134929104 134.873278429909 157.248558224306 168.651794347132 214.556984818385 152.060264178985 188.076787916571 159.307392546978 185.569560565654 202.623876882424
"13" 132.789979172973 112.775045402482 123.318557222603 145.420073479604 135.693293116248 188.571168498764 148.229630914273 136.075688064501 143.895892873777 173.882437985493 144.530889483721 156.901657172155 142.26053748012 143.653875309838 117.005806727339 145.574253265622 139.346910125331 133.875734995837 133.613472799506 144.387609425042 133.309042249643 159.13373280214 142.389277118614 157.61320801499 137.802975776655 173.485039650895 204.912553610631 179.772484564138 150.341233618148 147.027546245054
"14" 190.759560081943 167.11356321399 171.640830560504 156.289335536722 149.91504057883 143.027093610421 168.370266603739 153.943543772273 124.051280605187 107.466253940068 135.158995931028 152.577683077377 135.726562086502 119.249975354794 128.414432803675 129.578954488726 127.483807329464 148.787429685838 157.739872646247 171.07257116277 157.36737279149 149.812707498555 165.200331650664 156.743565782039 156.47223983728 175.817598315591 193.7250961836 140.723102266869 169.992008725009 169.236726011634
"15" 149.819365463027 175.883418867319 144.538174432464 101.451678982675 145.849387729748 154.069225192541 136.592637467035 162.010071900062 152.488596217804 182.198252838006 121.275789354004 131.41621093473 143.91393776689 133.636771777298 134.087685870333 126.250522652974 136.710250456267 140.344113775785 135.409837977863 162.531969832562 153.617791183723 138.593509810988 157.890721107184 143.00633292011 127.450486356319 129.678086545714 142.18397797402 142.933109251753 173.663044791872 148.120659286299
"16" 144.164358375986 128.983898004018 160.656563455026 156.89920888228 132.305678242109 148.912770145977 148.343540926096 166.157331423075 174.754881744945 130.563422748423 160.739540035407 141.012958685872 136.595007901941 130.828818265245 136.089704279521 128.807434540887 139.015209746572 126.213046425116 144.886535098477 134.594925526377 145.495646859817 148.632710175117 147.652471004165 120.033859884403 160.372882402516 182.983277090472 186.082645472187 182.027025473427 142.130520826645 178.268843002575
"17" 179.017496876517 140.701904638252 196.49465502837 131.487327981294 129.875969739943 133.824044345778 136.772703087542 134.977553029249 161.53270241989 152.470622573543 139.760803068567 149.184750340052 141.59817902466 134.611661020926 139.052567473483 116.623360349517 141.995070662814 147.578739929525 156.33508257721 146.934190636104 125.329112118275 126.193571086719 157.433925831183 180.027426055851 116.828995537277 187.224738841355 158.880071196135 155.877290252498 148.840599283197 187.362339040062
"18" 110.678214298944 176.440988223919 128.286219638356 186.639894541667 131.578962505546 149.667362716869 155.070759986588 150.742962532835 147.727792566712 153.446319021058 128.908494339079 145.091296436108 146.789655548898 120.586082666518 139.650936469901 139.487975180239 141.348411695058 147.463735765001 127.896672516551 119.674127941974 143.284644374587 138.751252055259 162.561367037741 153.12335757762 157.244816916134 165.045166077622 161.856111639457 169.526544220619 159.731363248454 146.353872574622
"19" 132.970950003119 145.49446074699 238.271417475486 192.933666407539 173.74764215189 135.23234363784 168.559472565196 151.33177431199 163.347576533213 171.057097953676 173.4584750191 137.682222760333 145.159782262407 129.591939948995 127.238361044241 116.633749266065 150.04246707021 140.980494561399 141.078143859552 145.084663664439 165.512960786259 159.853794833496 158.658521470533 131.567152290248 128.883833021537 141.733338548859 135.977601192416 197.628143622782 141.46968003828 166.200499545593
"20" NA 137.197445652981 159.004123497733 153.439076248443 156.756875010374 167.275731089596 160.008935651162 144.865386429082 161.600073497306 135.894796183544 147.465442803108 168.279908397166 153.512348457551 137.542687562044 127.871818652694 149.802439556636 160.101099160312 140.38800477976 181.544921036482 159.340503014216 184.518560058812 131.931795201233 158.018606391741 139.41086866635 174.239416284668 173.072525023823 182.516717726946 145.593003233274 127.004392483068 NA
"21" NA 225.591742710312 166.526302086145 187.055187207455 138.434951773853 171.435725975222 132.442898852425 177.004487674775 179.104203827808 161.964492861315 148.428217900053 153.439866097319 151.344616553935 127.103747147737 139.217185584985 145.724782731362 152.055299201348 143.437034995991 161.793751220176 154.870873603925 156.959162247961 203.000206004452 168.458354512283 170.565035238839 145.778415044743 146.703923194847 144.847434821291 207.724229104188 117.264298227204 NA
"22" NA 128.091089847504 178.235050683599 175.385126208145 151.336427049025 154.448569879682 196.06210901157 146.519148867551 162.271225634934 155.720638612608 159.340483070468 156.681841971652 137.847884792678 156.597325205216 119.771924835976 163.843525807812 135.885949924939 148.198345985571 166.928510984533 168.168178940234 175.017886334515 151.248954232617 147.54230589176 146.345734490902 164.142283430802 118.451905343757 137.782418475302 130.444212447678 152.353478918766 NA
"23" NA NA 199.595446943506 153.770180030093 152.399175317631 152.150037003511 155.460350925927 184.554942296081 236.382132010518 166.647523660041 189.731896959832 160.03830010936 152.520951574577 133.271542932514 167.659797345151 166.256213052065 168.995831829868 174.642248468842 167.94177624836 168.44899624313 151.688083246977 159.881147728866 159.15865817387 155.669451512326 151.374440213354 140.504242092448 222.796909535468 161.285323867327 NA NA
"24" NA NA NA 180.020768779482 161.20435106997 172.5808357537 137.585702265535 200.846652830714 222.427618212882 149.392517784861 138.874760600949 184.911925493114 158.194026998978 144.367657512422 154.142190255211 156.338578798273 176.380215696225 141.603841501305 142.920809277696 169.472826956473 158.717676360694 165.434541423771 181.037843933989 139.38089788965 160.21219153539 169.965462968127 158.643483301306 NA NA NA
"25" NA NA NA 177.681661424371 127.309689741379 162.566399497232 161.845858163445 146.325158667508 192.703012904165 143.150937932174 177.026005687504 177.557212194296 154.484471607148 134.558259031954 161.841280298842 142.258650100807 164.690120374778 174.068743247142 149.343246029124 181.479749281342 150.687256220784 141.821250710456 150.894064363875 146.550830136611 153.103415973945 162.915619541755 133.185010500867 NA NA NA
"26" NA NA NA NA 152.236234310956 173.358892092177 147.447016927116 167.037828441043 145.048135700432 170.208076315938 171.079884878155 149.934686727546 179.028795996856 184.504028997803 176.161388721648 157.994912921302 195.126276408783 159.809331256405 155.995790071789 159.095916275924 147.990215641884 167.904202946686 193.805915357825 190.950903971956 156.582300316432 129.74593718757 NA NA NA NA
"27" NA NA NA NA NA 222.791835284021 165.226728900231 195.522232849002 189.598440156204 185.460272554446 145.787504225543 187.41195371379 177.952737683677 204.19118795157 174.68825069751 170.817473818968 148.211967416952 165.555308506264 167.740534604637 173.422255324846 173.564137469571 145.501045875038 133.306497540948 170.509235330393 151.081532616782 NA NA NA NA NA
"28" NA NA NA NA NA NA NA 187.62813502863 159.804784643132 182.084794095372 192.289169118756 183.844478000181 146.769356846949 167.117462296333 144.847379397819 156.731023422307 148.619904215762 197.393790525069 170.258294253272 147.727699748693 175.730721538798 178.509626811872 147.421817987348 NA NA NA NA NA NA NA
"29" NA NA NA NA NA NA NA NA 157.295472627518 135.108166711995 182.138738106576 139.823396578308 177.472257136983 171.707247333855 144.085183061651 149.889831758092 142.746395069079 141.518377865196 188.219650182262 169.113034518726 154.509126837861 162.300683094263 NA NA NA NA NA NA NA NA
"30" NA NA NA NA NA NA NA NA NA NA NA 176.560902348232 156.151830295533 157.327035366488 160.871686291462 162.009447660533 209.977701403167 170.650492503089 176.034426890172 NA NA NA NA NA NA NA NA NA NA NA
