"V1" "V2" "V3" "V4" "V5" "V6" "V7" "V8" "V9" "V10" "V11" "V12" "V13" "V14" "V15" "V16" "V17" "V18" "V19" "V20" "V21" "V22" "V23" "V24" "V25" "V26" "V27" "V28" "V29" "V30"
"1" NA NA NA NA NA NA NA NA NA NA NA 75.4864624931725 88.3188777813495 80.4885955473288 88.8654181299607 87.1553071630652 111.84217525448 74.0064016750396 81.6495507923637 NA NA NA NA NA NA NA NA NA NA NA
"2" NA NA NA NA NA NA NA NA 78.8324316158216 88.6275456749739 99.9745915617685 104.856744580688 91.0801549481452 84.9573911661327 76.4051010407222 92.3953123826972 85.0718277662447 82.2228064857342 79.2121778443135 73.5566260699555 92.6913829311555 78.4916756016351 NA NA NA NA NA NA NA NA
"3" NA NA NA NA NA NA NA 72.4655609210908 108.955632577371 78.0750697427417 103.953770451751 102.546948668726 119.85033241784 91.0827442054695 75.2611451932047 93.7439171763668 88.7581606888692 84.1431531189609 98.2779778014372 94.3932935900144 80.8335856743138 123.46470472456 93.5150708687173 NA NA NA NA NA NA NA
"4" NA NA NA NA NA 72.7626398378791 72.5213585495116 81.3701181569665 78.1313218552147 86.2506391255662 87.0858173461227 102.542400115321 98.2300039308414 84.6428404888641 84.0889648921284 91.7806299907851 79.5988261310065 109.900731618212 91.8456111415605 78.7894998605199 109.713097670907 73.9831187652256 82.8645016093342 72.7528095241489 NA NA NA NA NA NA
"5" NA NA NA NA NA NA 75.0344565869505 72.8289605235049 98.2640113991565 89.5115916164765 87.8138463488875 96.7567603975103 93.5003836215683 89.899490410746 102.304667478309 80.6628101286005 93.9133114920493 106.225614822368 89.1474224687455 95.5622645239791 81.6843525850133 94.9481847119243 108.789419336222 90.2643736573472 NA 78.6505412748555 NA NA NA NA
"6" NA NA NA 75.1060992153895 72.8880848934943 92.9732289123248 84.1459586439147 79.1604783428154 78.4528480655942 111.16754729311 76.929371440114 78.686950151908 93.1088146160409 88.1506372637645 84.5338657544187 90.6833852477688 98.8255680236998 103.183999492168 98.6546240762092 76.2389285714237 92.9017050014668 100.548069864303 85.9144309644523 73.2920513480674 71.8520950374376 75.2919778769828 NA NA NA NA
"7" NA NA NA NA 118.804829976987 72.7063929643546 76.4337031853334 89.7345928834321 72.7658012556671 92.5655103216558 98.2749967900841 89.0385386443401 101.451227819676 78.6910689356455 103.426042980507 86.217160033406 95.6015437313655 92.5515348617826 86.3648840011671 90.4227708612906 77.8784262281682 98.490013513908 78.2999523034474 72.7069144824322 72.7384635058356 78.5382375484785 83.954129058749 NA NA NA
"8" NA NA 72.7622703869093 72.4177859739307 72.7677096597091 124.883779303547 87.697973261474 87.0724911627667 100.700252889995 87.9610176969419 85.4888428654015 81.4273993447203 93.1828333743023 90.4812078360972 91.3480971796501 96.9414605436861 96.8670442764547 90.8781294764311 90.8120684593402 89.3999702546582 85.2957706669393 81.4662145622184 99.0528804964422 73.537012785825 72.6249386755542 72.7717796091001 73.3238457054791 NA NA NA
"9" NA NA 72.7720811934349 75.7012206598649 72.3703854503941 86.4535303983507 77.0439335643599 NA 90.1762762118517 84.8281728844466 85.9747004349077 105.172812610049 96.8998897793956 90.8057621824638 92.1751387073147 92.1653903730761 79.7563483730536 86.8364692112186 82.6102162032845 87.1509825211268 94.6292574369332 97.7688487920505 93.0130081810879 88.483907705316 98.8269551784554 67.6765582400094 76.0612461005749 72.7518220678586 73.9018998563253 NA
"10" NA 72.6598786620036 72.7486866601371 NA 87.5454578823 72.7592612224491 90.4990258009154 96.2313811188188 98.9622681241838 85.9108838477884 95.7707475849115 94.9115615384058 92.0236638027376 99.1416037722982 89.3861464723774 90.7662527771706 85.6246541118579 89.3102093543756 89.6229422796884 77.7686701420534 94.165136855126 92.4900208142921 72.9670512979041 87.5086562173679 72.6577224465058 81.6647644210547 72.471298448114 NA NA NA
"11" NA 72.7561122062814 72.9390068246062 74.5790089317519 72.7381196552857 89.9487084632759 74.2240242613835 89.0621321686531 73.3347167809907 94.7832316214693 93.520551284197 93.6792913821805 84.9077318971046 107.487890326444 94.6298539449394 108.82246539855 89.9850272284918 97.930703175986 109.909054028043 84.4793927841895 103.174933407277 79.3625680180397 93.4343916148309 72.7698460968944 83.0221204764472 72.6927487620739 NA NA 74.1717491081201 NA
"12" NA 77.0464248649316 72.7427543563784 72.7674416849581 115.896819883977 72.7712145154019 91.8449314996451 90.0379290880601 94.9088943489172 95.0607924479296 109.729300528622 83.5097332865012 97.5443163675454 90.0911011937907 84.1196214743202 94.577123602798 84.0518137063438 89.3063072822996 98.2110070769541 89.9371560313963 92.8842013408527 88.4897708830754 117.152140524324 77.5351735348458 96.0769633281062 83.7159772824788 71.8488725093995 72.7719914404562 78.6966548014801 NA
"13" 72.6273859796191 NA NA 72.6617802060287 72.7719478294308 82.8805837734059 78.1178615370063 124.682281787741 87.5592239875388 84.290713697582 88.9851512181085 102.239011387801 92.812312576013 91.0800104625917 89.1406213269628 89.5524889161678 83.5842935274549 93.4292976081154 92.4279772819862 95.6582979675238 76.7510716877996 89.9056794646675 79.2524936620504 94.8446804232548 85.8366575559473 81.619512179272 NA 72.7647258080146 NA NA
"14" NA 71.8929203568814 NA 72.6118879343055 76.2972155249892 74.8574520212127 NA 100.79211098695 93.6408380532202 92.6146817511151 103.960866181363 98.360278215099 102.198858090224 99.1423316285887 90.1964883550353 87.49513379529 92.8478733034921 95.0751290107674 80.8317964684085 89.5247250204951 101.3993415499 93.0844390842534 76.8474460132273 78.9927157564172 84.1256642476347 NA 86.5898859754338 NA 70.719225116756 72.7607319101466
"15" 72.7572823319347 72.7716105804233 74.5692656974307 76.1265766793911 72.7427670786032 85.7457541891438 76.028977509641 91.6036371103536 89.6884312915807 83.8465202167084 87.3657604013355 87.5997467082706 98.7413657645396 93.0203281517408 85.527947025164 84.9223291699375 90.4205108628547 102.036530903065 90.8637283245021 101.559793911114 104.791887424475 105.324243223161 77.6817786536789 81.1832797033305 90.1277515333506 72.6594682410593 86.7554397853141 75.8014890526966 71.791544985562 92.4883820584968
"16" 73.8334146080188 NA 72.7351574009111 72.7682297518943 73.4071293383395 87.0425271550373 85.9764713924547 85.7775738877837 102.120257496046 103.405746046423 91.4007817308069 82.5582564853548 90.3732294575832 90.8753797792182 80.0545838541701 85.9155742770145 90.7009964769515 95.27842156645 107.407829751653 88.4778523690986 97.5124639441988 92.5540781893684 90.4052306441265 93.105589849094 75.6922348476093 79.9910623132215 93.971634961208 72.7721847102527 75.2657480747852 NA
"17" 72.5121853762736 NA 72.7033261082982 NA 73.1951403570511 NA 78.4133873674439 86.1300203637086 101.8788689539 76.4026457257984 102.520904563375 100.902262796008 100.116478289051 91.2140796695275 86.7488229556299 92.3046912213076 90.3723161499784 97.1168785674169 81.0316613313614 97.8338015122231 103.328253774254 95.4120105506271 92.2445852089485 87.8360483651418 94.5961804707199 73.2451766792946 NA NA 91.5663374653794 81.7744503427484
"18" NA 80.1003618774323 72.6952112384546 75.3540497416504 86.5918720683185 90.5057631440981 75.9123883762775 83.455127334817 84.3588641148549 80.9153046330462 92.3750909433655 119.951164180011 85.3408209250822 84.3100526522737 96.4657431987587 90.6820179773645 88.3487056540485 87.1625477324076 87.7502950361197 95.2589914493861 91.483127349275 97.1918521621414 77.1048515048172 116.133590838509 78.8083086333094 NA NA 72.7688836626427 71.5322086253384 NA
"19" 72.6716962042024 NA 75.9526461286085 NA 86.7556175029477 83.8423474238103 94.5752157287127 90.0325160019525 85.1447669137135 102.208809067729 103.373138360284 87.4468858374977 99.4232208075332 94.8518792203924 89.9110974778371 81.5189306694735 99.6216460826791 94.3016587873289 109.022245126531 96.4165353141823 98.0484990866358 99.0448343482519 95.4821356867209 93.2895096843907 NA 80.8872397330657 76.0887581121201 72.8340622767277 72.6259756912829 NA
"20" NA NA 172.485944337076 77.0375374410728 81.4408999365029 72.6958874872837 85.7255674269951 88.1408273661374 86.5046517158392 85.1695354846856 99.417572789392 85.1321272329356 84.4912378155772 83.0774375738877 82.4564410043959 86.311850603275 86.9080116154473 89.2507188409634 108.761091744487 87.2902658699218 89.8278679467359 78.2373707679703 87.8045781812972 89.4992511883118 72.7468909533042 83.5106058493883 72.7709735846948 100.536759918269 80.5563811294286 NA
"21" NA NA NA 77.7468031339464 72.7568988948427 74.529940330189 73.2284781308783 83.5353182675633 79.6725194667585 105.450666519971 94.3019061797674 96.1987112588359 93.4701617929379 91.75906354375 95.4301052691378 94.713359463383 86.6257026791276 87.5118665410106 121.652005277877 85.082629171658 107.246354853878 94.2539126731824 84.8730454964461 72.7652661492987 73.2413858094201 73.9721731894092 91.7734990693424 74.1735125493536 81.8573289980288 NA
"22" NA NA 76.6793569008752 NA 72.7650378205251 61.9074535531369 76.4747649428722 95.1330045267321 89.3698482364703 121.158119825907 96.9955289231451 81.2121616980989 91.4062383157241 94.4121244055288 83.7698348966589 84.8582961608972 104.657895172869 86.3828672857275 89.2464396004645 79.2797415181045 83.6011167727436 106.620702284397 72.6618298054903 81.9701786056989 72.7410052360692 92.0389673594085 72.7175307578408 73.3008254830858 97.196005567323 NA
"23" NA NA NA NA 85.2331499226286 94.495303012459 92.7350474263193 88.9776133783049 74.0042766494437 84.6621166969704 108.993406650862 94.5210493922387 101.037115731483 98.1402503905798 98.3505955069029 98.4526992220792 85.4229731599315 88.2368703369802 94.3446382739812 93.1507929799645 103.10353921242 82.590886277533 83.8652003768974 117.491336568685 100.35677770904 72.7490046971667 82.7207852125656 80.7054795316765 NA NA
"24" NA NA NA 72.7346106089179 74.1863519391205 78.8847134294614 69.1010885613002 83.6888724289578 87.1637035968584 75.5996958336945 86.8118133422166 88.2262808095413 107.751649781941 90.3780644048667 86.3965004752375 80.5556034682518 86.380846029526 112.860734629504 99.6044342237547 86.8510827591716 76.4561313793794 83.0152053003666 73.1148944022216 115.057426899632 72.5817824791271 NA 73.3783865686233 NA NA NA
"25" NA NA NA NA 82.4162196061332 79.0909901985438 98.0703341770229 73.2510321557368 109.625714359728 85.4575455909313 79.9719270107431 95.143277626371 80.9825230582093 89.3352816838722 83.0127186163495 92.1346595317062 93.1997618368582 92.5758492174379 85.8736038966427 107.599412894516 76.9617063415435 81.9331804461221 84.5321493991246 72.7622643475504 88.5912243304838 NA 73.2073927936995 NA NA NA
"26" NA NA NA NA 77.9972512719895 79.1152795972485 72.742798490309 NA 115.463139137843 100.274234959184 NA 90.9463011905498 87.7981811860885 78.5948629877923 96.4999584978068 106.379428279531 114.294251538504 89.0150020625317 74.5536953392656 96.0955568229074 89.8353044359816 102.700768465639 72.772136453785 72.74452261428 76.4468180826491 71.0138132650623 NA NA NA NA
"27" NA NA NA NA NA 112.348771955907 99.4563344190344 102.839509159228 82.2118315037606 76.9117047459869 84.423199041536 102.835963306333 92.1439481980597 95.7781792390968 83.2303982295054 96.8976237313244 81.6361571074277 83.1817658656434 79.7873954298543 104.750130065441 81.6417949577517 NA 86.3782166093229 78.1730274671505 72.772074818603 NA NA NA NA NA
"28" NA NA NA NA NA NA NA 81.3010933263043 72.338849125598 72.5430349019169 80.1780400466444 92.3632492622067 88.2018603615265 90.1559885726157 78.7545147317671 80.8232727978814 98.9897029497605 84.6739831526648 89.7247810598053 92.4855072776036 72.25407995566 91.0090641868875 72.7576004299033 NA NA NA NA NA NA NA
"29" NA NA NA NA NA NA NA NA 128.624935497852 95.9881397420614 78.1619548737745 84.5875636532953 91.9205374752016 82.7898929408796 82.6745902849566 93.0029106615326 115.667594657238 79.4061012329933 106.02146845993 78.3480947982114 99.439237054404 72.8783500795716 NA NA NA NA NA NA NA NA
"30" NA NA NA NA NA NA NA NA NA NA NA 82.995126400143 75.1273176356341 86.6866992939228 76.1963162532298 84.7315367152215 102.288391427862 98.5654893134545 72.6468964045338 NA NA NA NA NA NA NA NA NA NA NA
