"V1" "V2" "V3" "V4" "V5" "V6" "V7" "V8" "V9" "V10" "V11" "V12" "V13" "V14" "V15" "V16" "V17" "V18" "V19" "V20" "V21" "V22" "V23" "V24" "V25" "V26" "V27" "V28" "V29" "V30"
"1" NA NA NA NA NA NA NA NA NA NA NA 82.6341640763028 92.5502868367116 83.9178689974158 95.1330489081884 80.1713345668496 83.8967952499729 72.8049984266238 90.9286708191364 NA NA NA NA NA NA NA NA NA NA NA
"2" NA NA NA NA NA NA NA NA 104.294317511447 97.9463783454314 82.5786737674898 95.2921529156911 76.2412949495604 86.4195116177081 106.822902604965 105.054574552502 83.6188208847445 107.597984233491 104.379285264418 83.8192499800629 72.7780110930406 72.7352325514832 NA NA NA NA NA NA NA NA
"3" NA NA NA NA NA NA NA 72.7916617922903 108.099814672547 83.3943206158101 112.704446218164 104.313308299076 107.832897338721 105.290365684936 122.97671306393 109.280554097233 118.178084648202 111.091719859005 118.517749968075 73.8739843265439 107.72814897351 72.956368542147 72.7939887858173 NA NA NA NA NA NA NA
"4" NA NA NA NA NA 126.498027074311 82.0661933623435 112.51808732243 77.184751441118 104.694513957053 100.16782125755 100.232636827302 86.0684903432117 90.7754864226622 139.870485722226 98.6732148542347 87.7227394473353 94.4120194141859 83.8436582532443 107.358847699128 74.4270198399169 110.752998360777 91.8900192328835 NA NA NA NA NA NA NA
"5" NA NA NA NA 92.9201935455274 72.7938139385508 103.767169679764 125.809020682387 110.223997603829 80.6935927446839 114.054619144823 122.860483552077 105.283354230414 110.631420666123 89.1115076400108 97.2835881657785 95.255079083013 107.435951219837 102.000528979272 97.6772305280101 91.395068523871 117.081226886036 80.8804543879232 NA 91.0794486387917 85.1683377308355 NA NA NA NA
"6" NA NA NA 77.408358401973 84.4980941455926 90.0452084320718 84.8005997123897 95.0399552879159 78.5239404618096 104.97684249564 91.5528279315357 102.983829562754 107.480148970893 113.542219754896 116.074183295542 97.3522831331707 115.49469284402 86.8897995676415 105.88298012854 101.177131629005 98.6929408653186 93.5952597554755 117.635747756263 72.7937325649563 85.5256542404892 72.5248817533239 72.6972099593184 NA NA NA
"7" NA NA NA 112.59385064498 78.8606499670774 74.5474875563719 95.0542031887517 96.0458590676735 82.8244174464574 85.5744446510571 105.933047059338 89.3940546107855 119.971456272157 99.0497761967652 98.1427605999331 119.651911926068 98.1378696040298 96.4657514902604 105.1437552936 93.4158595051316 103.959211456902 100.070633768733 74.8433500798143 85.4210445530509 129.24821539049 NA NA NA NA NA
"8" NA NA NA 73.6021113202785 76.789051681187 99.2786176873253 116.326326884181 78.0515302890614 103.909212063529 128.159915973806 106.917873083309 104.458440164565 101.427717842537 107.785918432078 108.191686150145 106.108723451864 106.809817712136 84.3326466442271 89.7502556869832 114.36479119816 103.079298394318 101.217839881739 72.793728185249 102.924962154541 72.7939901903455 76.3910804298481 72.7939704380401 NA NA NA
"9" NA 72.7930624529657 NA 86.0847547983892 72.6711340945929 73.3809322349188 127.886948486199 129.15022212369 95.6204024870004 95.9624004807527 92.6915243604139 93.4513119701362 111.475663042363 99.6540356607123 112.712864646724 101.567900817623 103.58108758894 106.298935465532 99.6842127755206 93.5177974838107 108.92729075337 127.630859182785 114.185886550384 77.6867029444678 92.5041135767049 85.6067148665757 NA 108.34972460187 NA NA
"10" NA 72.7898232223572 73.568004983597 NA 98.2429107957985 75.2503813930992 72.7905497434404 130.261431919941 96.3802360762321 132.005390354646 94.388469113427 108.827585770281 108.064209620784 119.754572689178 89.5517975366106 103.877178936053 105.01538428205 121.054735057411 115.068469386169 93.4736173446435 143.534043019369 86.0707652507491 100.404434060619 117.139107950003 93.6468460690385 121.511279594331 NA NA 113.655153512615 NA
"11" NA 87.2704365992565 132.531666805978 72.7935588490205 102.003301334474 83.5546117148668 98.2306571977775 80.8853155670016 80.4518499505676 102.763004006939 106.639469471525 94.6983532438991 106.003359133796 100.312077361371 104.10662789624 97.2934705994255 107.837738670636 103.277621235752 109.086463192145 100.848266545909 104.62604615014 126.306370602005 110.456937883037 74.0194497894489 101.989182399569 NA 82.4186117558251 72.784550851187 72.2312963111786 NA
"12" 87.7267728090971 NA NA 103.880612059722 87.5769455085243 88.5900249697166 119.946461017534 91.831780156864 111.276173113007 108.060833691728 103.091346707171 107.145428375235 100.311043547739 110.958216283767 101.772494629846 107.218331463712 106.542024937273 126.705367183845 105.967440658185 121.481918058132 90.6255032113289 75.0464013801969 89.1621775034399 75.338655775974 136.195396879552 100.654008358906 143.196813536199 75.4657180696866 87.025074765521 NA
"13" 119.925749406307 NA 72.7932216709154 112.915143139425 124.868275860196 103.62461650131 117.668346006301 111.282839696801 111.740184641275 96.9233898310122 105.048487207809 125.71013820992 118.152253029611 104.572322806896 111.115780988868 115.223601537402 107.52508123063 114.289482576959 95.3020791141907 126.390285807706 110.467957251676 112.461541473946 106.219398784151 93.0716994843159 112.213370388177 76.1053647397025 NA 72.7888244311276 73.6974550119057 72.8771750130418
"14" NA 73.6200126482969 72.759733241735 115.221484246687 98.0257509482643 98.6470255494737 120.788133763641 91.9318645600098 103.756690664109 137.996053019205 110.003908650622 110.736615566639 120.6275981099 110.017761147197 105.196339034254 102.881295088323 108.11578253367 97.2616730960799 131.475210807077 110.33735377061 123.402223994265 119.409496626719 119.271461166856 136.106463329656 83.241118157504 74.9686696669146 133.886965396681 NA NA 66.4167132496132
"15" NA NA 72.6615890839199 107.802913606229 72.7933463907337 85.9111671314476 94.236048019023 130.3662747411 114.602680747368 104.91635270779 112.376842955561 111.181439062583 110.413362715063 106.133595559038 101.066666344932 104.769211714323 117.536392104342 117.557334769242 127.954441397839 109.225448794766 118.479309782935 106.060671220733 88.0046179924245 90.4557996575221 76.0561292636204 93.4305974956982 75.3347501967252 76.320349635425 72.723904794196 NA
"16" 105.139958179832 72.7925684586352 72.7936634272551 108.887381821588 87.6657032712354 103.988073378194 121.650552122261 80.8625708632754 107.618452487244 94.0160487564535 108.47580329343 104.816710622997 103.321553054656 108.800313416807 109.173326607132 110.157447746999 105.654232742789 115.102409094707 104.762437716424 117.767299245786 107.677446496468 115.72478705111 86.0191586094539 89.1627223031017 82.6528436686891 72.7934552822691 76.9394677502472 NA 73.0508341589046 113.433418698136
"17" 72.7858391374258 NA NA 78.787858850903 130.940711687806 86.1628424614539 120.981935387118 94.7413990802289 105.895454635376 118.670973215412 95.8105894748655 111.073476927959 105.92110887518 108.169259718538 108.848063245402 106.296464050976 108.587285852839 112.312187107405 107.934963855472 105.4025656674 112.920387318435 105.583501563728 101.227131597175 72.8853706866505 72.7896660559396 72.8569616246851 73.1246457697089 84.6193641751051 101.418603494707 72.7939894017741
"18" 72.7939870274203 72.7897039456968 72.7939866960225 113.966942395722 140.260017337313 117.509359305214 72.7820861505383 151.540500027701 102.773407565065 121.529668771242 112.890370410116 113.765367449506 107.817908916401 110.760098082247 106.451947740896 103.954099364661 107.535969803808 125.390939839985 102.700048649453 107.985063959076 96.6115328857382 108.479917615032 133.600084834183 97.3368340597421 NA NA 75.3726691109311 72.9686787508258 72.7788552689531 NA
"19" 74.4395810674387 80.4525272672183 NA 78.8813616618969 87.1816026149805 79.329703470303 111.432035676206 94.2318822584931 129.293272808313 109.472404272914 127.548632214115 109.834136886554 111.408043129569 119.848090375506 107.11384045921 105.712173229624 112.229911475328 105.891466185461 116.180003637998 100.438635016498 98.0410733212729 131.624444443816 118.257311831927 120.851964048797 84.7291269547044 76.5737507361076 73.2735694237051 NA 72.7871257129825 NA
"20" NA 145.61915011911 NA 84.0859415005953 99.2249641386267 72.7621494875022 120.441890120873 103.625082312967 104.574148529407 106.120869827714 96.5208067126678 120.599776723433 106.199441923912 111.976962291401 109.915583399497 102.373457023385 105.124934082413 95.4545012173597 107.600500314537 115.841522133103 90.9752081171055 106.823654780678 131.993056406667 129.815015815483 114.821228543329 72.6498191454018 140.479417835442 81.5503929248988 NA NA
"21" NA 94.8253699307246 72.7437027342396 NA 105.285859161195 91.5244641405381 87.3703482522858 79.0461177148693 141.311084345249 89.9404678783633 97.2264531163538 105.104832994778 116.196609778822 104.860394388762 93.6897390474698 104.101410040181 99.4756000841819 111.156953369985 112.718967506424 117.235819170554 102.956398934256 109.446267956112 95.6989655108424 111.723759727584 96.0887426678716 72.7937035364043 72.7939197521006 NA 72.6665783392332 NA
"22" NA 88.8976851212447 94.5328344426696 NA 72.7764847257959 72.6904720096521 95.4315146583734 79.2763647290901 104.628043159839 104.650930011089 101.58626678834 119.06902889027 105.315010066039 97.9118858978354 108.026744963179 105.358743044437 104.588525044501 96.833468671756 112.40636315049 106.874541377193 102.29775227372 96.6021265408602 117.220241774792 117.223436216432 NA 79.9773255878626 72.7992981648958 72.7939902300479 72.7567070972024 NA
"23" NA NA NA 72.7925099903989 NA 66.3604961386883 98.8104424076433 121.757247839177 105.68910911321 85.5922190411755 123.933282415773 103.965317755773 98.6502247192405 95.2333471845222 112.617156927383 113.778694839683 96.679531556855 96.4500084603071 106.849078268811 125.627231305008 80.3246925025473 91.8001030662201 134.007865279734 92.8832464054508 108.106444410444 74.9376779793121 NA 72.7939714624939 NA NA
"24" NA NA NA 72.7452543978099 72.7760261165836 73.7500985578895 103.199486633752 96.1250156840448 95.3593528800774 99.9015451384476 111.619382720897 111.31812191245 98.1593764946087 105.981927625291 89.9884325293188 106.257642453771 95.9103167300014 94.5909534731281 108.925629394572 89.829660409417 114.935982192404 79.650186212115 99.1043344147756 72.7798921061516 119.929662539686 138.351936962849 72.7874792521338 NA NA NA
"25" NA NA NA 83.6188125754844 118.438614764657 79.1665418675783 79.246660380838 90.9057495882743 94.7800242895459 97.6587336771734 100.369373071153 112.356724165706 114.524563961245 99.4452909374289 101.878272728386 100.863044778679 93.9346356047621 97.4340631563154 97.9271015950223 89.1747794043631 93.1661865660139 105.33703320906 77.2337024022085 102.34188042718 72.5564839484309 113.005833740052 72.7936657302926 NA NA NA
"26" NA NA NA NA 86.7483673188277 117.460343319882 74.7306281917288 NA 76.521238699116 101.126534911786 73.3823037094381 104.403357852457 97.928083774054 102.808588107502 91.3586161591795 110.43445830125 132.490922398006 125.175277955947 108.639041811999 87.5184005159848 94.564493611117 113.525508929067 114.782470713227 72.78863168419 104.745129512346 89.4847878701196 NA NA NA NA
"27" NA NA NA NA NA 134.748697411091 72.7939588092724 74.4514426578955 87.3390592814151 76.3323382924923 84.4116307539532 141.879562345187 86.8099802419294 108.509543427413 85.9192781457503 95.5561601339846 85.8658441681529 112.74612848495 101.064829939109 116.340703394001 89.6039013221428 76.5106329464087 83.2464656698166 95.828609617579 72.7822970898306 NA NA NA NA NA
"28" NA NA NA NA NA NA NA 77.5531411179661 76.1432526258495 105.951464351317 95.8734260642597 97.8596634617785 110.250314533299 82.7857003974947 104.620889827926 80.5053959963335 118.497359375257 97.8331154917963 77.6775798985111 95.5074509994248 84.0748166861617 112.475347807346 72.7705253075885 NA NA NA NA NA NA NA
"29" NA NA NA NA NA NA NA NA 82.5733752402906 72.5155359485856 98.8798405901924 92.9898636664534 87.8677933586553 102.920999740099 112.849777151779 77.9058331447595 87.6836745503728 100.870545712521 102.662891706392 106.031403571859 81.4272651290754 92.3165542844505 NA NA NA NA NA NA NA NA
"30" NA NA NA NA NA NA NA NA NA NA NA 78.7648852674422 77.2208974546333 88.6449451208416 98.733562530161 94.2826220147496 98.5629402796201 72.789303338728 108.685832092969 NA NA NA NA NA NA NA NA NA NA NA
