"V1" "V2" "V3" "V4" "V5" "V6" "V7" "V8" "V9" "V10" "V11" "V12" "V13" "V14" "V15" "V16" "V17" "V18" "V19" "V20" "V21" "V22" "V23" "V24" "V25" "V26" "V27" "V28" "V29" "V30"
"1" NA NA NA NA NA NA NA NA NA NA NA 220.714444111117 165.803458410158 145.290729773309 152.64464257552 167.717976385297 191.076374310336 157.915949111838 160.189718841589 NA NA NA NA NA NA NA NA NA NA NA
"2" NA NA NA NA NA NA NA NA 172.521357216308 166.109287294466 168.530009588643 186.297748313563 143.331444389562 142.625786484795 172.866421816813 147.258644753555 172.619666921933 157.811598966942 143.891157780026 162.15214718767 150.819965607086 175.594424321658 NA NA NA NA NA NA NA NA
"3" NA NA NA NA NA NA NA 138.351303800751 155.411407777539 169.007107072516 209.990741488856 183.509604922816 195.609901571089 154.70564033696 151.213067370597 162.349022904278 154.956741739936 175.115378919815 166.008837210679 140.648340322334 191.036010879315 149.756574736514 124.670638193585 NA NA NA NA NA NA NA
"4" NA NA NA NA NA 154.182214227646 165.073150903762 166.744857480514 151.425408451588 136.838542555088 170.900053486071 177.397350708598 160.91999016126 161.396282752396 162.475006469608 164.94939002491 201.292140867496 185.651081866758 175.734913289394 152.221300429325 168.726258143063 191.743533543579 185.582595473061 160.186429341133 155.908494706473 NA NA NA NA NA
"5" NA NA NA NA 133.8570336381 193.798750842249 161.597070245693 128.772724187032 182.70210862427 147.573290666911 162.816974459766 150.326165310907 175.241693774405 155.387672193243 154.897243128487 167.509122971099 168.117566987845 166.379207160795 159.943506624631 182.696239459125 179.437180108668 133.835487085611 215.339589739246 137.443839040735 219.592145227114 137.071810730654 NA NA NA NA
"6" NA NA NA 129.714760500987 167.41264995637 122.943144266849 147.035229471255 164.229968996952 189.670987038168 182.730573784554 156.863886570555 168.808455130648 170.621414994736 178.762226031324 162.41038034157 151.147100272782 185.823921319402 177.453599466966 148.860455024387 158.772857765142 144.86767956373 183.668156039942 197.48600515242 149.031802511245 177.530691977798 176.839402044579 139.681189280131 NA NA NA
"7" NA NA NA 101.235263482151 166.926479555006 175.935331651502 152.533593323478 193.257740288961 165.745050941891 157.461756673239 154.032257126234 157.181843486949 185.547257697927 182.114656923077 162.532048352746 157.908048869432 177.504777772132 183.814196829439 164.338874627763 146.929959340676 177.842243992216 184.324167243061 174.287058343224 127.944610922587 181.195225335194 183.516213188129 136.370501955438 NA NA NA
"8" NA NA 142.896953508295 131.733733468805 135.139965189412 203.134421645892 175.429209354336 212.093277851123 175.896304975735 152.128747375107 182.220087244487 173.352602988111 155.491110232529 167.689858501528 149.983543435556 154.145311913783 145.347043867648 167.041645348313 164.512787384672 179.197583645944 178.728853823074 147.567387356127 179.111824037244 161.496214608184 178.91614494173 126.2447026365 157.654994762771 125.486303965219 NA NA
"9" NA 179.581555265257 143.310913228899 138.171358778765 176.271653221961 129.188088366925 149.741515354477 193.447759564558 171.201253742838 178.09992757726 157.456024141934 159.926425177846 169.281941394932 151.661975296006 164.001416518228 151.798126372971 174.839476796773 186.522427163661 158.990694436524 167.161606269199 147.52838508294 172.071438603468 155.53173831799 188.458469816537 169.149720087032 137.268596285005 251.589961043552 194.687805396162 97.6365531643117 NA
"10" NA 138.348322760475 207.76883445229 190.265319989445 154.893453445647 124.213303903978 180.517350951551 210.919491427803 134.402538853532 154.176248626023 181.179746613367 164.745995066254 170.650740688498 164.302518120795 169.688151969224 158.426067431206 180.542389092501 163.648843917242 197.68170777788 198.983447685062 198.040653284174 179.147203186312 153.99708048251 196.524172977354 155.958783985647 170.626920607509 167.41685163059 111.37637535476 113.085059120158 NA
"11" NA 208.731821702754 184.902042790656 178.597899507928 205.042514512451 119.820062913392 178.284879679867 166.526701470451 211.699590304643 221.056438840803 188.769918794866 175.729443872452 169.507636717716 170.046158547759 162.944691626467 169.435641133694 161.057516090116 174.65712842841 184.193415544494 169.313238521816 199.06372019077 168.48743598929 177.750067392244 191.348491578205 177.531450753471 107.612144031009 189.691878659951 201.968561218859 142.859844521216 NA
"12" 241.702852393562 128.308566520906 182.308205408793 148.609249027439 131.925507193271 185.853345613067 151.587986377299 169.774011301539 154.198391767837 158.171306818925 170.194057979328 175.287083275063 177.286457028197 164.982290579455 174.279556073216 165.208166154926 185.646971422309 173.15724057232 168.535188083513 189.578296850928 188.573708335673 178.79887438063 208.477799029134 221.931423023874 187.847729220359 201.009765678115 188.78455374546 194.647088761818 226.30356039984 189.722244422411
"13" 177.581336128199 205.294953154623 207.08214388437 156.185727846979 175.62868502793 167.527551818677 130.526201381163 170.442028506246 175.312910443084 169.22919428007 194.611241224677 149.180931109926 171.147642216382 178.037716571859 168.67272817001 174.406353470538 165.993285989022 183.140586324769 174.288716192592 186.296687757054 186.020756832085 201.313919719505 186.058571694706 182.649159609082 161.680035387909 185.217184164942 156.736215132443 114.425706979445 178.373153491311 158.984488352599
"14" 198.656484489572 187.024237317852 190.72500119401 173.972150356574 171.011518357259 146.579829106438 189.486319917263 180.111289519193 196.467640354687 170.238794453356 195.290432613922 191.021506062585 165.267777290179 164.970797158752 154.120283707168 153.870416369137 161.218301530237 186.736128088545 192.481975171126 188.872584677733 151.40593526511 183.416114053608 168.248742681906 181.687278193645 168.445330073033 181.457840170413 166.053495077744 145.784862231327 111.339086918402 136.691418195351
"15" 149.132888543751 196.193924133145 194.755567603918 190.612020596454 166.425389834089 181.163597004606 204.478398330932 202.019691066128 204.560048059325 175.273506220553 175.553254692357 158.242645407615 178.115469256633 171.769641444202 158.447375343316 149.410968674567 146.800079772334 150.898500688707 175.727344655209 192.676132542825 172.006647986545 154.588680853502 151.203588145985 222.497426073797 180.350008950002 192.771624177575 147.80195312327 170.596953623443 191.861357684517 127.951308215741
"16" 175.351712724341 110.682362595737 156.210483309585 153.4943004109 121.884329212003 187.792272391391 166.845844551302 196.186592562675 190.075875146472 176.271809224926 154.270040201564 157.92028975178 161.466948257551 158.174654783799 147.029743181707 142.662339856728 148.210644589697 161.96830916015 172.250861341671 181.132178067809 158.843663022069 146.10082072294 187.827249455026 155.570196350011 202.21056762006 197.959510657213 165.109917235066 154.842112459977 103.035840129866 149.342787536605
"17" 149.665914113693 98.0326871194655 140.680677381018 169.366567395056 205.069961175166 140.035649521806 178.789906737351 135.226015892742 174.951562095557 184.315505199719 173.845654604951 177.203970076677 180.496593501448 176.830891902085 158.834992427892 161.202207631476 155.268548398071 167.396339549931 178.722113642655 186.996227736947 192.869159391956 192.863143642298 191.593954419657 151.924426692906 150.714305639477 182.128758563849 212.376914331257 84.8512450443709 176.637553655155 194.416695172508
"18" 161.328357737924 159.76726579331 223.738787225384 146.465967600042 120.263692500213 135.594648793108 202.275996511488 180.66623922223 151.751724957426 189.859733146776 187.521969597868 165.345275432547 175.888373856043 165.794843095592 161.62929190211 163.0312429631 176.158495981124 176.99241467153 170.803396226992 177.816856742219 183.041244354728 148.632900288036 164.519064617854 136.3451990612 142.80462727024 162.361843157979 174.391629964272 148.443659187709 94.7987444567693 83.6461614024257
"19" 130.318606902432 108.884564390713 192.731865617756 152.593659079892 134.978997137442 249.040161404915 196.636122090974 158.434736017002 217.777819432114 160.416784430349 179.127976822807 176.711172308788 157.50222371178 166.696311435414 167.71137924317 175.095699010516 172.218497536432 187.430214450484 178.451024488307 174.713970085769 196.647045166575 150.475155283237 133.895874516764 231.916902133049 177.534386852824 175.774709818735 149.870616107842 207.692169509478 171.24212112393 156.989676371019
"20" NA 153.549141945304 171.053860847411 266.360657897934 152.975620021562 201.622094804915 139.271180881703 124.203769524951 172.207963873871 185.747951144353 178.178037345706 161.219853641974 148.647555899731 168.212963631536 168.774025235789 176.20033331016 178.0625330077 177.820246987647 176.343424574283 189.631510452608 179.551015944166 165.58506332304 171.597662193439 297.430202848123 148.876404701937 202.265584566127 157.340517654996 179.514564651996 153.681856111216 NA
"21" NA 150.641186573297 120.212512140056 143.334027506579 153.464137082559 172.394186431901 139.730735983201 148.730154027037 153.844690932349 155.458075628514 159.740858425778 174.868250223394 161.05658404859 154.746446669226 175.375464615639 174.960271347315 187.487487184743 169.762710394078 178.871513636501 166.62938295984 198.970145083872 196.96800076924 172.584702391535 150.311357245757 136.018231378909 124.27588035748 165.342971830084 155.912258737271 203.049727393661 NA
"22" NA 182.577850380786 154.601718463772 139.069234144019 148.751351344862 153.959515238732 152.358439559033 169.344044461504 182.736246130218 155.193417124891 172.451368970201 168.631446772064 168.626872650304 173.796033505992 171.700071260269 143.43231548139 169.778046719007 168.057747327212 163.143569245564 159.267455718686 148.858056595294 205.181758745604 185.814431586022 200.32835007951 143.093373195742 105.120315297559 237.733174380857 143.076614400006 188.961782427924 NA
"23" NA NA 188.466380617461 179.657250325419 125.831824370077 166.220668776582 125.188858783688 155.965693952163 148.675798040096 165.034488803839 177.441337307644 183.130293562403 154.677245321637 168.716265768885 162.076861824203 160.769096188198 163.47030498161 178.682764572347 157.192474080835 179.377599660405 169.839161121033 139.996505414386 163.429149682537 219.685039383311 167.019545892753 184.484043758211 162.691188398759 103.619954366204 NA NA
"24" NA NA NA 166.649890079719 198.278091853026 155.883903999009 155.605487084499 158.137995786728 161.294244091532 179.006315931659 151.804962314905 165.063464421073 151.941473477624 168.408106699124 163.560410656897 172.753917782474 158.899997751593 167.112124205249 158.20276793145 178.289082519635 182.326553510362 182.113032973427 165.01250532558 163.352781997555 124.597749567798 124.447210431916 165.365123067493 NA NA NA
"25" NA NA NA 184.48259711392 154.312691792473 103.743341208548 178.132054798032 148.435143424511 189.857946681442 193.436637294267 173.023971681023 133.580210974641 132.798561605255 178.021594176566 163.087596194748 186.969217326196 180.896040438312 151.954318928774 191.394386336949 136.257649282837 153.838298526404 173.758404853155 142.216737032701 137.329261206511 180.820158610171 144.103423552846 180.155795877504 NA NA NA
"26" NA NA NA NA 144.57433064437 158.163732250861 203.373059042365 194.051873542517 190.447351834345 174.475008660061 188.118952740831 145.869927600885 169.01517811744 183.639299977616 140.830268420683 151.742835485226 179.749180925934 162.034958237968 150.839148007472 170.702709862161 136.040168987229 160.443674482776 168.247828289943 196.912126639887 112.648533214342 186.069750259825 NA NA NA NA
"27" NA NA NA NA NA 164.926859038601 173.007448585051 208.058171054481 187.880312953636 153.641457050121 149.363240598096 192.828067852926 185.660384188343 164.354160898257 178.816776171067 156.128891872927 177.809297365446 149.796912445146 172.548413942223 175.392791424756 166.909773571804 184.594311899888 177.61748359712 149.681051273476 141.451001646105 NA NA NA NA NA
"28" NA NA NA NA NA NA NA 153.066537255414 184.623801327312 193.128581127509 163.071483393648 153.80636227383 161.355456420741 159.787736259867 163.220632949529 163.193310907317 160.082393194226 179.336510962082 144.008406487138 165.976918285733 125.845028384662 188.960210644954 181.214996914405 NA NA NA NA NA NA NA
"29" NA NA NA NA NA NA NA NA 191.29724500909 177.140211289701 156.212950720934 156.923090378187 143.656645151652 191.107026386135 151.922035520444 172.192491842284 136.095265815621 179.648135644825 166.140708627913 160.685105740331 169.989754483397 167.186395613613 NA NA NA NA NA NA NA NA
"30" NA NA NA NA NA NA NA NA NA NA NA 178.372683771947 187.744211520478 162.664325877809 168.099720465689 160.870207863897 156.139847753712 154.349139787482 182.872540019837 NA NA NA NA NA NA NA NA NA NA NA
