"V1" "V2" "V3" "V4" "V5" "V6" "V7" "V8" "V9" "V10" "V11" "V12" "V13" "V14" "V15" "V16" "V17" "V18" "V19" "V20" "V21" "V22" "V23" "V24" "V25" "V26" "V27" "V28" "V29" "V30"
"1" NA NA NA NA NA NA NA NA NA NA NA 124.709024648592 174.041453908005 117.576917094872 108.095526078072 109.948890056519 102.67838534216 104.010640848436 113.371044598529 NA NA NA NA NA NA NA NA NA NA NA
"2" NA NA NA NA NA NA NA NA 96.7699771010173 99.6888184608705 99.983335358513 114.999114377876 110.175097936203 119.344752483771 122.743073348801 104.660931467166 94.695676643614 87.1610091627637 112.258736876497 96.4389752221444 87.1771290887711 153.703428182361 NA NA NA NA NA NA NA NA
"3" NA NA NA NA NA NA NA 98.7450082867247 134.579067913578 72.9433093795235 88.548126038024 81.8025125069676 89.7359302282229 117.881012064292 112.505862887319 116.880981483739 130.0720717844 123.903196745105 103.008721211418 132.824379453991 100.393432097736 150.651608038116 118.71211089621 NA NA NA NA NA NA NA
"4" NA NA NA NA NA 72.7943185583232 100.105552358357 87.7951319311764 121.335025872512 109.751355232686 93.4727270993203 101.531782176077 107.048402682694 131.964905838984 112.3380883606 126.042890908473 104.687976734442 128.766511863623 95.3017566922508 85.0685984331238 105.954847555884 144.70564303413 92.4657770091696 72.7939999077774 89.1687399102088 NA NA NA NA NA
"5" NA NA NA NA NA 76.6519922046268 91.9775312040668 116.692883546016 97.7306024811422 98.000203729368 88.8293406719611 137.290602086944 127.236040822628 115.224356017432 119.203887629101 103.026584828454 118.29114557487 116.526117735505 86.0846659029624 113.647102736137 90.6301757325183 124.412152957874 89.3128016836037 86.3185659941528 96.3130452585562 83.5349831557103 NA NA NA NA
"6" NA NA NA 67.3955510784861 74.8692528538865 74.5137622975784 94.5600264557867 115.75466568855 82.5202087460551 127.192643752415 106.378976139043 120.058335696259 114.499049482712 109.00503822242 110.233445477582 104.166071014358 113.198475285127 113.519308308701 117.640066325642 85.1889714705745 87.3001269910566 96.1733411546288 129.753146832785 120.710388385132 88.5338019344504 72.7943447364052 96.8905445795353 NA NA NA
"7" NA NA NA 96.6560749542094 72.7943609958439 85.0043682230662 96.598361048653 77.156124252239 102.668025130787 108.38557600358 112.894825712162 101.677618856776 104.173369794308 108.75628248469 118.271438968349 111.153904530208 102.625354116316 104.465363800317 135.453074878736 99.4660987037144 117.017928080868 114.70568438309 113.443860652412 98.1658911818392 88.5341282879434 73.7956492195209 91.7163305586378 NA NA NA
"8" NA NA 74.4181568285067 79.8534335569911 90.2150971712421 88.5131734971325 131.326734272019 134.183686117689 111.134056570098 117.025923134779 131.043925421377 117.976871273915 112.161640493454 124.640060464212 125.002452293099 123.407916939156 124.58236296717 118.524935913055 101.932688688366 148.960760452638 93.8914144729101 124.631106692448 102.215283728535 86.3845848798213 99.4174246462547 142.89103295659 72.7943665274506 72.7942439887698 NA NA
"9" NA 78.3568702114985 85.133367944365 81.4538056626008 NA 74.8541831504243 151.915019429036 90.5868392093074 104.343685592931 109.750583025558 135.188415694943 123.874369406806 110.084367081698 109.102145221595 107.97943387904 121.440345082173 118.814181801103 122.051436348223 107.770741511079 122.207725431293 135.690819577514 107.970772265788 82.4871253653667 83.1411633648181 102.88948530882 96.8171926725516 73.8302576649711 NA 88.4959042607879 NA
"10" NA 84.0585883523949 72.7943611875396 140.773138119377 106.241800813847 105.1634041923 91.778484693753 102.708476724115 104.706685117693 97.9400148315502 107.375934263448 105.457455541589 124.781196714825 108.332342116858 114.566531300274 119.057331033461 132.290102405659 122.981513438211 111.59486890295 116.257499532061 107.608316173046 109.623007212046 109.347986837946 119.440826998485 122.02499857512 85.5654022774589 79.1512790481406 79.7610566021229 NA NA
"11" NA 72.7943476717963 90.0289916049074 92.1181808220222 114.915548065907 96.6139218694614 124.846687962436 123.56742129075 112.335652897347 94.886684782659 105.558557228301 108.088869580401 103.174043613986 102.722147328503 125.661247109449 110.332756704957 106.623236428934 125.629713929399 125.989013641376 111.549371217012 117.165789802917 132.276065835525 89.6691235891001 126.392589501959 164.976744011336 132.973275738649 107.064139225263 NA 111.069061738598 NA
"12" 93.0876571021896 89.6853462426327 105.845242491705 107.48676646101 116.698518469615 74.7890112902601 79.6579840784465 91.3651885490726 140.848052488974 104.499788437414 101.640025253684 115.676057494849 121.490451861744 108.521429472649 106.864593256355 111.580760248889 113.801569133178 134.92443717672 133.235205652039 108.792888324537 126.24126834342 101.854100190497 107.859960745732 126.933933098292 99.6518737391296 82.0433911905186 92.7010305623784 116.976473404281 96.6286466134243 112.683760422246
"13" 72.7943664051615 72.7943664203827 72.952363779303 88.7015388830802 73.8447925658571 107.12286949987 98.2114794690114 94.3910421939033 114.223797803868 123.112074058464 110.908623328337 125.208398818395 125.503592490834 121.676671386931 128.38162685261 114.287104621177 130.907003140143 116.760600695272 124.32777094182 115.668898006533 96.5895052482144 119.115607443322 93.1515361590912 108.786786097235 95.5153930747962 74.5305385186748 89.097678535433 NA 72.794340668734 115.43964336252
"14" 72.7943528713083 80.5174419260174 141.663539975961 144.965072859463 100.984527370211 117.56128375916 104.390960898061 146.058007229184 108.706040573882 119.788419938065 118.117079255608 117.7493255838 116.121052579702 113.123081887685 114.659845214005 117.468832517439 116.563354395102 112.755093504781 114.38190137393 129.343466380779 97.3311407923179 116.387783172099 118.065842453557 173.178736625024 112.480090324391 128.132402981026 79.1967719225832 102.211641232705 98.9541015223488 NA
"15" 105.325241955135 88.3034920275826 90.5565015434406 72.7943663706452 117.334156388834 117.319563813256 101.615530788366 94.475681876867 112.306334319193 127.8113922222 119.75365722225 115.699489870264 123.72189950423 106.794415081195 111.314828319848 118.435029078635 116.135970740949 115.927460788817 112.429113640514 120.238392255864 107.766248889515 113.321659531374 93.49910432773 94.2497766506413 NA 80.9248706535622 78.8110313274625 81.1680476322728 113.438524267422 72.7943636748069
"16" 72.7943647553651 76.6814407871484 102.337062811409 74.6679312140205 121.360060499523 113.89603388611 112.804849819155 84.1778292982529 104.604373389548 110.167103316827 120.017565051932 115.136178539089 108.138059077049 112.084315896069 117.312825737816 109.124418201924 123.33347840134 111.970078346111 113.063874098925 118.974779468741 113.613744060413 112.366514812501 108.708022940963 123.125558729061 124.598919331989 94.8128334780741 94.6000032174755 72.7943632288 130.125445545516 112.452432524883
"17" 72.7913806328521 NA 85.20928675108 86.7230280352715 92.27642971391 113.853473483697 102.63273139062 119.182633957601 106.707247542221 120.407739027225 131.44731495208 120.290080344518 107.509377711334 106.521967558053 110.59209129874 114.986661038873 123.349337796866 119.461240719096 112.409033336935 105.394625288153 102.652892397442 111.686231942393 107.500120715866 128.493686610097 76.1267413813776 92.3455525468787 133.644420194813 179.889372129538 71.6731001509707 82.2817125688356
"18" 89.237163820226 72.7943665048618 103.504394826194 163.624160125506 92.0637529730103 87.1794042877394 96.0726432460421 106.039225602096 91.6481986338064 117.220812596426 111.599694984149 111.848821635577 123.790647532095 114.824267343806 109.219728339219 118.676167601707 115.600706526212 126.959487645835 107.252713681554 124.671124580182 94.3405190240618 128.90075657846 99.2858377370321 96.1995341789325 106.620462758716 103.893716097128 75.5143727159149 85.3195767767619 78.705449548138 82.3711439143204
"19" 72.7943658871552 72.794365452661 72.7943645534706 73.5166763443921 73.2276742258895 105.880401688267 106.509176406569 79.4433799545469 83.1459411957488 142.597706344017 128.678789745049 105.810414249197 105.910238088837 100.697715232793 112.001027627578 105.960549300584 113.448908345929 113.045886187666 127.275943426498 122.134204333547 119.573754953556 109.567067644834 120.308309874013 91.2649720468378 98.8232175112574 73.6182506691985 72.7943312833658 72.7943610850112 92.9867739727598 73.6589619231059
"20" NA 72.7943661860352 84.0323978844125 87.1769687693833 122.398326088242 116.782901229465 117.452877791869 107.722594258559 102.498946995086 114.535149820968 106.178995525312 124.383956243474 122.090309525244 113.048544727114 110.036395750653 106.230915641037 117.924622316555 122.009883255818 99.2394910329156 99.5040430976809 123.811491611584 98.2539680256512 101.009975877214 98.4973306906945 99.5700460639461 84.0368084143335 96.8092557250936 72.7959597048416 NA NA
"21" NA 72.793893787595 76.0863466036287 100.709831531525 73.5048768116456 94.3340154346762 96.3859777395963 121.745790637323 120.605264849747 95.5472459558788 121.0913519303 117.025349947604 100.936694865791 105.06061057101 118.419296420193 120.126766171301 117.928094233232 122.433365839311 104.858083665497 110.263817145721 111.078918188939 89.5795774343992 87.0813230993816 83.950982441416 122.409678714066 105.08690634101 154.235696133354 72.7943410922925 96.0681468613028 NA
"22" NA 72.7943520835172 139.191905210082 73.154059676713 72.7613654336596 102.957603307534 77.324251943137 147.854138783325 122.307580442575 85.9155517214941 121.563295198371 126.409336508256 125.199395384944 118.110917468678 114.471775065684 112.334889433277 104.636564899989 100.207655802197 114.22810700397 138.616207884248 129.213923875398 129.342170509692 107.953161463069 84.263054675012 134.883711770413 104.625300477631 73.1514536638978 132.100228016569 81.7379048826345 NA
"23" NA NA 72.7943662761054 NA 79.5254296847708 97.0167343609036 127.24155424677 111.929843294282 109.424631293845 111.015192666197 96.0245679475837 127.194858436243 114.803652880247 99.4774416998566 115.392846896763 108.529613654062 119.015414901329 103.72033785532 113.304082445778 117.063387680354 117.522623886674 112.288806975959 97.1601523758225 85.8026862438301 72.7919418559531 139.804921579409 72.7943665049318 NA NA NA
"24" NA NA NA 72.7943665315452 76.615836456588 116.357547949005 108.033204483955 120.937757901431 117.320928187187 90.7090988273805 117.657053034567 112.620308661649 119.013371198271 120.077391705813 104.334601281598 113.776323759914 116.512815035332 111.972559737422 103.467030968343 96.4217691630033 118.040115172895 94.2349129431612 89.6285341905083 110.831611960229 106.618351523414 83.0467168800949 113.855474619395 NA NA NA
"25" NA NA NA 92.4282132042806 102.892999315942 135.899205420628 92.235620531389 93.86876969762 161.346818921706 102.377429954303 127.479757699589 92.1762836980388 114.790926420653 116.14015666575 139.659920308838 107.275138765961 126.951286598608 104.428840507252 95.5370741450366 110.648700745859 111.104988086618 114.567678167805 86.3141679082599 144.300565014978 85.4431477626157 90.870562193588 72.7940321152791 NA NA NA
"26" NA NA NA NA 74.1841412053639 94.6359350605748 147.461757636132 106.841329799823 112.783662644376 105.861724216696 112.667266964823 98.7025246388697 103.541627969025 119.416922790807 107.299970231882 115.653463351218 109.087711668016 119.584674871447 121.310313925809 104.599370161728 93.1364566383077 120.928163311545 101.928062824654 91.3387082504356 107.598849679268 72.7943641338352 NA NA NA NA
"27" NA NA NA NA NA 139.295447582277 95.8511076714653 76.5682696560472 85.0716993246747 96.1643690296274 87.9103366906558 102.839648186337 105.914895934499 103.767155188525 95.2028046305362 107.678057041191 139.982781948525 132.233226011102 109.95739725096 100.355927469645 98.5705338138471 95.4154035719831 77.862631384899 97.2327045648685 116.974362634199 NA NA NA NA NA
"28" NA NA NA NA NA NA NA 107.203831537295 132.646699064488 148.42598211666 95.3794692692317 119.589550325961 107.979531382624 124.177309487615 130.13721285753 129.884846246213 128.422726509361 94.968919823672 108.63797519142 113.651708698434 92.4607025733945 72.7943659373112 108.35788195328 NA NA NA NA NA NA NA
"29" NA NA NA NA NA NA NA NA 96.118329505809 107.79427243465 132.512243870078 93.0261658094671 94.7084668766058 119.555206902906 91.0793783004561 104.585457674401 114.4576306397 94.9690615020231 75.3830831375341 85.3872248721184 72.7942367943818 95.620453347005 NA NA NA NA NA NA NA NA
"30" NA NA NA NA NA NA NA NA NA NA NA 114.525380002466 124.877908145792 81.0832811439254 80.8121252772218 91.3990994648301 143.647628385675 119.847217588285 87.7436175380301 NA NA NA NA NA NA NA NA NA NA NA
