"V1" "V2" "V3" "V4" "V5" "V6" "V7" "V8" "V9" "V10" "V11" "V12" "V13" "V14" "V15" "V16" "V17" "V18" "V19" "V20" "V21" "V22" "V23" "V24" "V25" "V26" "V27" "V28" "V29" "V30"
"1" NA NA NA NA NA NA NA NA NA NA NA 130.787637339184 111.042195831082 105.099371462341 108.654722252556 154.628980892237 177.302397601852 132.031962667864 125.200332997664 NA NA NA NA NA NA NA NA NA NA NA
"2" NA NA NA NA NA NA NA NA 197.549291533103 153.649590034649 125.865294159041 165.454921595881 132.555312270551 127.989108845544 139.468095661221 149.121926454373 108.514091392456 151.430682414981 122.958649638786 151.690536420565 111.148463377844 171.399776392969 NA NA NA NA NA NA NA NA
"3" NA NA NA NA NA NA NA 163.914662029001 110.003701318421 118.259452211796 159.657923970949 174.496783857394 179.752801291787 98.4479683122878 108.282902327149 126.479657842815 130.479321490122 117.001514646857 146.099362708159 107.485371964517 127.70634578774 176.636610837837 152.538002414817 NA NA NA NA NA NA NA
"4" NA NA NA NA NA 149.678771708642 166.083512088248 182.998783775427 130.710963765034 158.741083093483 120.084807259527 119.194077050298 156.19720191706 113.238054481817 104.945406160081 137.801204105821 156.252790568349 144.672583297858 107.207818010626 107.309787144312 123.879374771326 143.579570301114 149.710808723691 102.059969018249 85.5928914950223 NA NA NA NA NA
"5" NA NA NA NA 146.216976896178 109.894326971607 117.109258738796 94.3666108251585 101.38789748885 182.356668493144 114.216256207569 144.259759469553 122.525299456236 150.362375861723 141.180317785824 116.376496303741 96.3803052182312 112.96920149027 178.827878298823 174.703195701566 168.848388886793 149.931986949437 171.254795819245 134.454902456131 134.895252480177 133.092482976743 NA NA NA NA
"6" NA NA NA 100.272361911535 192.235419528977 83.2260958607976 147.742462883418 143.784558570023 99.0604819912279 117.83694786553 124.610768958474 106.687041528113 141.073300301406 132.222712263947 141.965135713278 135.208447057504 97.6467957764923 152.776608021238 147.470320655577 117.634781559312 115.200790544156 147.501171110515 136.767484036378 113.498148716409 137.433590491661 184.250628902333 124.310897512651 NA NA NA
"7" NA NA NA 150.481857904854 202.524251808571 160.142621698432 154.225531430716 128.272581421877 146.221030085453 124.121031783483 123.769362299263 126.893696840434 134.792043716872 104.171109560444 132.963568969653 120.769154312396 114.102813230007 122.622124199414 119.903764284662 133.178411474908 107.675260269476 160.984053909442 138.79241280275 163.75048937233 128.481868094211 90.5498376873663 127.767517995662 NA NA NA
"8" NA NA 160.369602981363 108.821927371648 198.942559906457 98.6332468731633 170.796419773199 130.901549592761 142.118694778376 132.962309230276 115.479518802282 130.974083505783 131.012672425244 147.575315702192 139.715529293396 128.888947481412 116.067873970314 130.547705418049 128.352890073644 109.51626242374 131.528351695162 132.127604754794 109.534037911788 80.2461410415089 110.0810509948 94.3970676404375 117.841115204823 106.37143182798 NA NA
"9" NA 147.023301111933 155.079796358386 108.173436016281 114.845522103378 134.610081361737 128.481785708252 123.67307208234 132.411185893605 103.674176551154 140.300709438809 130.995166788891 131.377669259167 138.151722356268 138.866180857844 128.060234868918 124.4970915259 120.763343058016 154.821440196858 149.891161951869 107.795355324217 117.254147329732 103.937478750769 103.961397024355 121.163366481475 104.716953986065 80.5743757165613 100.578424433052 192.6164258231 NA
"10" NA 102.351746872216 89.4409506543492 159.888146582312 133.505713648856 118.235941421713 144.294565519636 132.345369527699 147.884488234712 127.792286600449 130.896349909399 128.857927547486 124.680457542176 139.051648568427 133.692427512085 137.129545420478 136.620193900539 151.852688638579 128.462085443465 110.556656966428 140.36260362508 146.684856330176 115.176482234369 124.754313139003 118.334730432314 152.979945537752 189.004433710217 176.640191926355 106.074203111004 NA
"11" NA 105.720682260762 106.110402652728 113.991615073128 146.571338276564 106.045257780244 117.602492611155 96.3755639447643 133.187941893665 166.514777038513 123.534168594427 137.53643038256 135.958456399362 144.463264672153 156.076459499461 113.58059151185 125.115513688199 113.290260026209 138.597453050336 127.553044887132 112.209521560156 141.337475047507 133.74217832095 137.519854733759 155.364610559624 146.417332489668 142.395346176133 118.511003020275 133.349468103072 NA
"12" 140.379864351558 118.314570395618 103.782926911865 134.05763287239 144.478452122157 160.611621650382 141.583788716109 151.815655900904 151.912752522792 126.926753158685 156.108013872952 148.718311873053 142.303825080265 139.324201040977 132.67148297475 119.063425501705 118.428980117839 127.238884305308 127.861185434169 107.255401097086 126.742921819682 152.552157495497 94.620056124114 124.315333500467 90.1381611780534 172.420484890793 114.003949268664 126.702130539529 121.177779225974 109.055432961476
"13" 135.991785210563 93.5407920594409 102.258862883894 108.404721609665 152.630789705555 152.780287216431 103.373812861804 136.314969794947 128.530549613041 170.481266892631 133.894739830687 145.864132668156 141.136713997336 122.546363412627 134.698070623222 117.132950341253 116.235203314819 124.73323739404 133.303012408084 139.951121260205 141.166309240847 137.330479579628 118.796916239796 107.221208348941 177.945885759016 153.035358439063 164.19014532332 111.708051562813 83.3938489983712 109.835874741097
"14" 167.047583829088 130.273019457991 126.087652403168 128.200731168257 125.827940740465 149.084305283029 134.053589524488 134.646717437157 151.986469998216 161.305188441188 157.502225237522 140.308257584976 149.774997747409 121.395541039597 110.687289206348 116.748561710942 122.579728236951 124.542170099806 132.254335773011 133.892673050544 135.298119835215 133.327114266156 125.342504132224 114.359805007079 110.548533013617 110.206672792216 151.281396755229 85.3172428911495 137.593971490367 119.321563225188
"15" 159.532493470302 107.793026661857 129.114001756612 152.699837823804 153.681101493447 134.202655749287 131.322354789651 145.692353419455 161.323896510212 150.309610779916 136.260979956453 159.536401530292 132.040546654568 124.426034411315 111.81269194254 107.574043805124 109.583993729452 127.96482015546 135.586497165807 144.011449761729 131.912473119398 158.719497886561 147.033561534113 112.759589624607 122.125419809099 102.81827113199 143.14747709987 102.451314703417 81.9710612488411 111.342901421102
"16" 137.843736059219 135.853828387338 92.4074018215931 143.400414466858 134.671206763319 119.0301373849 103.183625280361 137.865855572543 148.762886333117 149.207062993471 147.898292298201 138.329907029616 117.721395679248 118.629342332661 108.846461023706 97.878019673678 114.707877082577 117.1105362872 128.233672070161 137.034939567868 127.443277744651 140.102368336777 115.43937844776 140.7740271075 138.923048927411 120.398153678447 133.538091607358 104.420301791981 154.998210980728 82.8165799351265
"17" 89.3627492942336 91.8625247445041 108.806761784397 121.937575870218 133.87910029209 208.496107296542 117.411546360005 103.19260753803 142.529845153252 146.380051218955 138.902211012058 123.383390342888 131.496124817694 115.080838919201 103.654784931153 99.7451520652501 102.307709754283 125.897730167944 125.811420229798 143.615207128273 162.758474438276 131.586299656183 159.605370512426 104.278724211539 150.573845556312 157.232655935659 97.9670957560739 106.488567184546 132.973091806158 139.596699392232
"18" 99.1929921235763 164.1647257111 116.253638423436 129.846419694889 140.537535140376 117.240238602597 137.177394574333 151.408294829773 128.281022231034 159.425944704878 146.064725704916 135.968421540988 131.420846390202 124.077794591075 101.621305257984 98.7893048476246 115.061587317153 117.917877219391 148.857028193511 142.344426497286 126.229684179085 130.825688990043 125.948070757247 142.269679889755 127.00768026005 116.07032015349 116.498737744249 134.650467655934 146.195747200061 150.788936472395
"19" 103.08206272683 91.7825677397996 144.385925162715 137.745719055695 154.355348139884 127.07169806967 121.153917601444 116.34197101301 139.565163541331 140.273649584412 139.710197835829 119.2454983135 138.998967391708 124.183745287364 109.258906212484 99.1119009603566 111.503291701286 121.651410037692 137.768843999739 162.982701958639 137.802478609133 132.64003835208 128.033208391076 138.851801896516 105.055097164824 120.825020342262 106.853133540725 134.896974797434 148.089516578665 124.153535990979
"20" NA 110.388598475713 235.882210116179 116.371992533175 133.60618023883 151.640482815794 123.753121076207 128.656092363877 132.025573066245 149.577844129558 145.32184590679 116.581270434769 133.477172570062 119.635014733205 118.870327284374 116.699896768541 126.0198739971 131.74719332474 147.173912486052 129.601270392217 116.748589039045 127.10317840067 137.244652250923 141.293876305766 144.635680608097 210.062923086273 140.1133632561 114.153714806455 73.7963103736846 NA
"21" NA 118.619424920056 141.817391537957 132.54093451798 112.316254478079 175.31982082005 146.8124807459 144.262103509791 125.350463088 138.335182567277 127.337291593547 116.283212143496 159.866648848796 127.905201032332 129.869004737687 120.654774944198 109.245943049641 132.356906891898 125.559925281978 162.389523464745 128.360781632728 128.88408224677 140.982808715256 107.358522741465 122.423885479014 128.311893894594 95.9312462007398 163.910055749586 99.7762747806231 NA
"22" NA 188.205318459541 130.228484016264 161.036080684693 99.9201337111863 117.663830133886 151.727246234023 124.569964461795 151.874067012106 123.875788089155 128.777551516321 136.282713500146 133.397411863375 134.30186690935 118.571732262079 115.345789686031 131.595257477247 123.772102230706 150.2931529996 135.737313949408 131.109202679393 116.307588103547 137.304271805596 126.890842806223 161.967580053105 102.186608560162 127.089935152238 147.011075796419 131.137525142223 NA
"23" NA NA 97.143554263807 129.72389358897 121.821206372215 152.293522437354 165.772464932787 146.216790435989 122.22441871101 133.675046100369 124.721982998787 137.223288625028 116.189338685728 106.775914472958 112.55310057899 120.121926366415 127.160465650391 124.757594352335 134.680160724114 144.523604391747 98.4631620940668 133.855712775168 156.504663000825 118.245326298163 132.854695721776 120.361367148663 97.5599520120211 176.774699880463 NA NA
"24" NA NA NA 102.638018138481 129.826136956324 78.8709321401722 107.594719663784 127.250170898283 120.491420474209 149.416562679905 148.221574826338 143.618201119202 110.399989597961 136.26523181395 111.776389714199 134.568048789653 113.041244648682 111.76568363792 118.075328648351 110.463277347151 107.522116208311 120.437995536448 128.784965270672 110.676697282079 155.315106466194 153.790345561349 72.7943666824548 NA NA NA
"25" NA NA NA 108.571412719877 114.276185742047 155.020699315563 72.7943564801859 119.329774160212 135.611139008507 104.27601832345 111.430686242775 116.887083669798 128.671681282062 150.75154588845 132.827132818116 121.834434657788 128.382266242109 127.380257934403 111.919082518843 129.318388801872 128.73167732126 125.942244656706 116.396439210952 134.712161791856 120.04232360883 109.82663602455 159.163213626268 NA NA NA
"26" NA NA NA NA 131.052534309753 122.915899247123 133.99618114222 139.235494557602 154.29553404303 129.637189824499 130.43399061893 140.597556907164 117.453072184554 133.511811818318 114.360375743622 109.268362394685 108.30875431621 120.776902188085 107.312953152649 106.078294917606 125.231878832763 143.810940169892 135.689509633232 128.882411017771 122.949656282088 102.040819543595 NA NA NA NA
"27" NA NA NA NA NA 133.235592052826 123.229565857845 125.971968755125 96.7360031619778 117.322781861442 138.210531637242 133.929264285894 145.398310392827 102.614263613426 106.7334016891 101.193214522108 118.523094887647 102.133301605217 107.214010681445 151.662559506 140.392767448625 91.7209484661345 134.919045109938 137.804415365809 132.917257569663 NA NA NA NA NA
"28" NA NA NA NA NA NA NA 147.814256865741 122.228609657364 116.983497750071 130.166443371289 136.375000522197 91.237192051678 125.088071621015 121.58480782732 114.803520992488 117.885949960839 150.852865605283 133.979793003244 102.022927575062 106.130942468703 135.51000709481 140.760197336548 NA NA NA NA NA NA NA
"29" NA NA NA NA NA NA NA NA 121.837301588191 145.664528956071 127.324298097936 102.894474505356 147.600382893288 105.523954806574 108.199169007259 108.197405791115 104.530759602948 109.66936557508 100.825916989363 146.972674292562 113.849254384622 144.94602351104 NA NA NA NA NA NA NA NA
"30" NA NA NA NA NA NA NA NA NA NA NA 133.837197652316 118.401990088308 111.764231355817 120.917341077805 119.333296420327 89.5935970872115 93.7856705196179 109.361161317361 NA NA NA NA NA NA NA NA NA NA NA
