"V1" "V2" "V3" "V4" "V5" "V6" "V7" "V8" "V9" "V10" "V11" "V12" "V13" "V14" "V15" "V16" "V17" "V18" "V19" "V20" "V21" "V22" "V23" "V24" "V25" "V26" "V27" "V28" "V29" "V30"
"1" NA NA NA NA NA NA NA NA NA NA NA 102.834504101911 120.609196144995 80.8596047650955 95.1254887740988 85.5730428551357 95.1731350128676 91.3778074598054 76.8756873160166 NA NA NA NA NA NA NA NA NA NA NA
"2" NA NA NA NA NA NA NA NA 107.409051951403 72.7866162466839 78.2277551275605 79.1645121833162 84.5556605649356 95.6133005520197 127.112385138187 77.4273877085057 83.3855290747226 110.582748658826 78.3493670827968 84.4933475031177 76.8316267463578 100.230251634959 NA NA NA NA NA NA NA NA
"3" NA NA NA NA NA NA NA NA 72.6252240310831 74.8261111782247 72.1468011075977 82.3489602601983 82.5347478839727 79.4247315985628 88.7523605939135 96.8375996548991 87.0686156376726 85.9815365341204 89.7772886380894 81.2788719688163 81.962310859415 95.2932417030479 78.0472391193864 NA NA NA NA NA NA NA
"4" NA NA NA NA NA 93.5080485737607 113.058106840867 74.8000474449375 160.53732062819 91.596415956766 86.2810429873007 115.698779137462 111.195794117299 93.8178557157045 87.1470455501641 85.2077022253613 82.801206245742 79.9231514827729 81.1133723391012 80.5853955053787 87.0938961651535 84.2587739033874 96.743479486371 78.6011195471764 NA NA NA NA NA NA
"5" NA NA NA NA 74.3759023381081 91.1104472310024 77.6692295904379 159.43678560545 91.8767252752192 147.52566116918 87.9104010572751 139.186579165033 90.5667662703945 86.6395328706352 90.3608265917637 91.3485587173129 88.5544959918114 86.2648184834331 78.5206112495511 89.2162707607359 92.041619315254 87.2330991135909 81.8218460971326 89.6407768436203 NA 72.6449518546052 NA NA NA NA
"6" NA NA NA 118.89121208073 88.0451492005002 NA 78.0038250118373 72.303826503927 105.429490470722 103.751132151863 75.6277789208868 107.128600650545 96.2555572630072 99.6463880955496 98.6682604566592 83.0074621436366 84.7988678925559 83.7566700494718 92.4822378814972 95.9392303800256 94.3033732781972 85.595243547405 114.426171520366 75.2832838166454 72.7911381853139 72.7905513826545 72.7909376818403 NA NA NA
"7" NA NA NA 83.6043910667619 NA 72.788197651433 72.7466235067417 121.55050853315 89.4852405091201 93.3218080538511 114.274356210693 101.106333488647 96.0803774258415 111.703126639788 86.9899068954532 111.547276164326 93.6524681921537 99.1726443320094 100.262288522431 105.347887001928 114.572630380033 94.1679694408391 73.6673491977798 100.657898144998 72.7753070632218 79.2776837314708 92.1845884795766 NA NA NA
"8" NA NA 72.7910962526773 72.1741841983779 71.6653292429492 72.7717828426386 90.8908615830886 84.1905283395514 117.030444151976 82.7140848091742 90.8040166801865 88.1349940447183 104.939127399606 97.2473740454086 100.911700983978 99.7238136425367 92.8123348895813 94.0469907158568 101.881912756628 119.506601864031 103.38278284305 78.1795152955764 84.2981044594758 138.69946122582 83.2065344389355 NA 74.6284233710582 72.7909553041381 NA NA
"9" NA NA 72.7799186801236 NA 72.7901569036752 72.8385867558102 109.366652172153 176.601964814178 73.3363689402138 104.996095706624 81.3420048941656 110.827063665002 89.5770416316102 104.546395601483 91.8318646582703 89.107823631002 86.8969823997752 100.372276573122 107.49216191934 114.620210660663 116.369118542082 92.836816304909 93.7895819296308 109.457197320091 73.6548558673345 NA 76.1415576739352 72.7895084222632 NA NA
"10" NA NA 76.5889637440285 NA 72.7752860581032 79.1380331443307 104.156008693576 97.4212976604917 94.2940925510024 145.973447562307 95.7457121147926 100.028126515759 109.191422538569 93.3173028903435 104.333539009413 87.1406367094569 92.5647045219351 102.526694233244 99.2296052876579 98.4477509459226 86.431396967631 114.963887432688 75.0584397405573 74.8909448605157 78.390371544956 72.5762289023244 81.8010651016898 NA 72.6407289268682 NA
"11" NA NA 95.5251349193063 73.0651229362134 72.1122898359791 73.8149865697398 101.435444463029 94.9177961169895 114.075251294265 110.044394271393 107.155177466295 91.5154779692135 104.073467985312 97.1488718179455 93.8750744033168 96.4314984820992 104.033152396705 97.3681425920593 109.143671854465 117.448867214096 97.3898107493398 93.0717572579731 114.720321210282 115.369975302516 83.5959705856912 103.520000828356 72.2235840845888 101.040626441226 NA NA
"12" 72.7745135348765 79.3149053095365 NA 72.6732441669385 72.9100881863292 110.059018999981 124.636158915119 84.0356137712831 94.3443516634888 94.1726901217117 117.497996856822 96.8858223646929 96.021932480324 89.5250939826444 96.1476315387613 93.0554751425958 100.835517429345 97.6849061975158 104.202580639946 101.902742392099 110.984254632168 108.934760521941 81.4478145470699 75.658932501536 72.5436672568939 76.1152965428028 88.2917454854572 NA 76.2774440977788 NA
"13" NA 72.7725431352952 97.1702907003199 NA 72.722944494681 82.2742088167647 82.5590064439882 97.0586120363888 99.2757289288606 103.6749754717 103.715583979234 105.319555261045 96.7331171689534 95.550973738224 93.3604659192084 90.1031564902065 106.654140992891 114.621279908794 108.052617349737 100.857727363595 123.118471554439 105.684275359707 91.1196025694569 100.065985815624 89.5594510240763 NA 73.0259286550315 72.7886324343973 NA 72.7895687235127
"14" NA 72.5254136465459 72.7875718604931 NA 72.7892154648893 78.9459970636896 98.1573277201133 74.9252145360431 100.010012607935 110.461370035097 95.8126269356131 123.361490711199 95.7664869045192 100.17215638054 103.628412405127 85.1932368126844 104.793311781564 108.30885781787 119.639802299432 102.638259941238 94.630105149135 75.4047344556778 93.5315720920383 104.873927916632 98.9149798259622 97.2514502126452 72.7469114906042 72.7902419502617 72.7307637674465 72.7906700003354
"15" NA NA 72.6706034936178 NA 78.2192915519262 72.9200055782269 102.287544903654 104.907602484355 97.9875723286433 105.025768592671 107.312042002607 107.399982321911 105.208336727622 104.094542360175 96.7041834750725 87.4321270730342 103.40576819897 102.636648041958 89.1574532382056 84.5258535033073 111.023527558273 103.960900200018 80.4428254558752 118.645178847653 104.689944095297 72.7864925630664 72.7897177718848 72.655650517661 NA NA
"16" NA NA 73.9210385711193 85.9860320037119 142.923120704932 88.3943502998174 77.4802806008993 NA 91.9515990711013 94.0386522935376 94.5597101254951 104.718240843833 97.5312284233217 92.3583029713243 88.7934852614093 86.8692016411687 99.0264737727769 104.91719273292 85.9815638779128 92.4597686114053 96.6711403823277 109.909110984808 144.764205781823 72.7899937012361 NA 126.830350888258 72.7683790879146 NA 72.7903994943699 NA
"17" 72.7878531227579 NA 72.7613962724756 72.7891999887924 NA 89.0775634029733 107.536969949472 100.297532641868 128.484590590592 111.822267536573 102.262709566603 99.0522438901844 97.8529594787773 92.5481939005561 94.0637500623121 95.6471584285761 103.618789987516 108.108817568147 99.4583904255929 93.2770375197861 95.7668258581861 119.794504531933 116.592493648537 72.6393186169248 89.5175875120961 72.7794474610205 NA NA NA NA
"18" 72.7791435051983 72.7848923391566 108.038681649871 NA NA 97.3971966049221 87.8036777789877 128.896465618596 87.5638949336556 91.3257196527222 101.144310910791 90.4311934412834 110.659325088867 91.9452893441231 94.3549574695318 95.3814510254089 110.068133407181 95.7067488304632 104.629388483508 103.364622553174 100.367122713687 93.7945548098139 82.2307292615138 123.135308486302 NA 72.791125063871 72.7892319341811 72.7892580307123 72.7784278219039 NA
"19" NA 72.789952194128 72.7906795383732 81.7914458517206 151.054177307197 73.5009086314636 89.8971017054726 75.8417534084971 88.9373820318203 94.2565527155597 90.9544972007352 107.886349436814 109.813571270282 95.0695625153951 95.33862998689 95.0738611084323 101.212850176211 104.969952399704 103.089543572886 117.261626136179 102.680288472723 86.7090714064755 82.7051354053742 72.7707194515374 82.9636195358575 76.0482158129579 NA 92.547056972335 108.982964434432 72.7907691806151
"20" NA 71.6751650699814 NA 60.8279212676248 72.7880299231278 77.2780711947818 109.429437542824 80.9136672569132 85.6260807044631 120.610318537542 111.169016708919 120.129392106406 95.1980761262242 111.933463964929 94.6880277406169 94.1721797027196 107.402872608898 113.499734746501 120.903363751815 124.866997870765 86.8613731379871 127.090056602369 72.7622257177732 163.972385889547 96.0449855965416 NA NA NA 72.742843952249 NA
"21" NA 101.535366006847 72.6129773460233 NA NA NA 99.9417314671563 72.6618688771336 77.23174205727 76.4059871789794 117.191441020832 98.8332790824553 109.276765853107 98.01891512742 102.815252049029 104.103802864086 105.53298571857 105.183336167402 101.647226829026 88.563854575501 79.7341044382858 85.8780050429405 97.4138064574495 122.737357728492 79.1181282491986 NA 72.6683866906128 72.789311420968 NA NA
"22" NA 72.770130621206 NA 72.7294879288097 79.0633293557745 74.8401802821946 74.2843459102288 81.734503632495 124.2451211826 86.6993394050755 119.212204534364 97.4830564588121 100.386038215747 111.796291227927 97.9398712225239 94.3389596469106 93.0584621434797 98.3594111236624 105.470346310632 102.682580563237 84.205302865621 82.9240185635929 113.692769886583 81.3690865242881 74.3114953773938 70.9175639805106 72.7798717701513 NA 72.7910575884915 NA
"23" NA NA 106.803453873341 72.3927357049852 79.6688519025931 72.6897599086512 87.1091812647745 84.8543592512918 106.017662238265 118.969871892575 99.1476762120366 104.148370226771 107.762557322294 103.974203176405 89.6489317424317 102.187242510221 92.5703378568494 106.351670207856 103.937118686457 89.6148489933199 89.9020212078844 95.3554648063276 72.7519009256561 106.002169943972 69.6611226727073 72.7910346512548 73.8800256159569 69.6639018620046 NA NA
"24" NA NA NA 148.095407043008 NA 72.7897271819821 88.520294005518 73.9170938526296 104.347666325828 136.268316570123 107.637563337329 98.7656990098505 103.273210261424 114.373762955068 90.3887657998828 101.94654569482 94.0616069839558 104.172989410992 87.6489680758774 92.0239988549395 93.3443287616762 77.5120558546556 72.7909077019787 72.7909488891231 72.7911338676722 75.1842690149269 72.1053014639864 NA NA NA
"25" NA NA NA 72.7649522725648 72.7905161580333 72.2827943017404 96.7420608338681 72.7903761057693 91.7453074580051 129.77407536632 89.2637484467428 93.2495979721795 92.0455708172567 95.9781806607637 101.8375463926 94.7345906741946 86.082655333323 105.078786950409 97.3557604649369 80.3680693353719 76.9562806902596 101.945570736481 NA 91.1497627133056 72.2657999977257 80.3946960177671 NA NA NA NA
"26" NA NA NA NA NA 72.7821370863821 113.490574097856 104.981001138368 111.330377801014 76.211667692137 97.1096189307453 112.458883460443 83.281159582219 97.7908121614342 87.2366679245259 91.4731760408539 82.7107052996988 93.1588244794196 85.0569099967173 102.359689887497 107.90086842218 124.507694397082 79.3864011856759 90.9972685942413 87.8467404145624 NA NA NA NA NA
"27" NA NA NA NA NA 89.7375424606007 77.6348089283537 110.399328295126 99.3258704809405 77.0675085749988 88.7396491477011 102.784594895031 83.9921583871356 90.0744922939684 93.0451254578402 88.734766563982 97.4400216373495 97.3657165371815 118.597809242031 79.6323370915531 86.8494514043144 107.575287867191 73.5398590834316 77.9129988625567 68.5757551329886 NA NA NA NA NA
"28" NA NA NA NA NA NA NA 101.723374580777 89.5208939042561 88.3887172770216 95.1765449285824 86.4382945938246 85.2990226356112 86.9502728074326 95.0412869264842 93.9503041341463 99.9204503702092 113.177715447371 121.579758515425 94.2250581354213 72.7792122806459 78.8496974905165 72.7002222826145 NA NA NA NA NA NA NA
"29" NA NA NA NA NA NA NA NA 120.226645052977 100.048578379744 77.2015003770015 76.4667122814942 101.074738071344 81.9152009791818 87.1715887749198 113.0963059193 84.7729163839965 94.2664681457182 85.3140303434431 73.3901067378545 72.9049897051151 80.8229459177614 NA NA NA NA NA NA NA NA
"30" NA NA NA NA NA NA NA NA NA NA NA 85.5554831016981 90.0687015510764 98.7122492682867 101.071383946269 90.5460736147808 77.9767392774556 76.2221335602299 94.685255019153 NA NA NA NA NA NA NA NA NA NA NA
