"V1" "V2" "V3" "V4" "V5" "V6" "V7" "V8" "V9" "V10" "V11" "V12" "V13" "V14" "V15" "V16" "V17" "V18" "V19" "V20" "V21" "V22" "V23" "V24" "V25" "V26" "V27" "V28" "V29" "V30"
"1" NA NA NA NA NA NA NA NA NA NA NA 102.521086829027 132.991860027021 121.504668351321 123.605249653096 110.336268677003 117.217021948282 112.526472997415 130.331683460951 NA NA NA NA NA NA NA NA NA NA NA
"2" NA NA NA NA NA NA NA NA 91.2533852260395 110.148061735239 95.8839274161375 118.528700084016 153.674498611942 123.877688201145 105.68715785004 135.020153416839 109.96681669308 155.543028764849 100.783523967175 117.397191997074 147.883752627033 127.708736719561 NA NA NA NA NA NA NA NA
"3" NA NA NA NA NA NA NA 157.922431669966 121.521056222159 126.720207966198 125.839266017388 126.06989042839 127.519436251305 108.240885447062 109.236355556208 124.195666453628 139.226521666539 131.618365392215 125.918744579992 122.924138508587 145.7022276358 158.322840708422 108.156694840756 NA NA NA NA NA NA NA
"4" NA NA NA NA NA 113.218093707259 89.8143773733383 182.374680929927 165.318716962576 140.232470701595 132.140635198836 124.114986398467 108.072463708753 120.258676607363 108.541519261455 117.147713756639 146.61567681394 133.204869287438 142.429675512408 132.781235042519 115.891472101546 105.392682682311 142.148673842789 128.587685867263 143.163709016135 NA NA NA NA NA
"5" NA NA NA NA 140.434575947497 124.259402578334 131.676687506319 127.496600588363 130.496626263861 115.965484804521 125.443390536065 108.712288436976 92.5133670015341 129.332356799503 113.433763353885 102.045635218896 132.053556806135 135.706764209259 111.691803858536 108.863868254741 102.126678159398 160.76751537053 87.419035887672 79.5311312666891 114.617564545469 75.2708446391735 NA NA NA NA
"6" NA NA NA 127.953939911815 163.87682606525 99.2390199480091 124.007436216049 120.077309296463 127.645147203531 134.680238055222 107.603508883389 110.675326224151 123.601223256039 129.979150888033 134.130481833048 106.913798749645 117.890027110455 142.979120665403 126.112546457497 135.237538101542 118.525017722252 155.011675913079 177.621618142728 178.519173987554 84.8873732677166 72.7943666601852 80.2902877064408 NA NA NA
"7" NA NA NA 119.364703831062 133.164674333831 93.7560769876976 134.518550426941 112.441020185113 122.466985553091 130.089360611083 121.324765781044 120.19552106598 133.851464380524 116.133231038541 121.249460160265 116.278388261356 127.109660183707 125.024423962008 120.026457533871 120.40527666885 132.810581701029 146.216783011192 103.731669567322 107.859117019895 110.189088930381 98.6866816224455 73.0083478969093 NA NA NA
"8" NA NA 114.242692556507 135.368384164183 125.010172227398 144.481938021463 120.241150626312 132.932539306423 118.088108572406 141.570178498145 142.045872278634 133.343555432453 151.704953211071 140.912239661246 120.597317713546 114.742792312315 119.169536944836 140.456356131628 151.322228406176 113.356268786678 142.091729183839 121.126443007368 145.472860839571 97.3101510559905 118.694058917592 72.7943664451693 137.003375162617 89.7951736466801 NA NA
"9" NA 132.41303360353 125.741779515825 103.808609021331 110.300658585939 116.522642532097 117.142628052826 152.879209385253 109.819185449431 132.440169092068 130.577061365888 148.392729943079 157.01573139745 138.444149616809 105.995030515972 119.771568765611 126.388607376106 143.585357908809 146.85707353111 116.380087473619 131.85612750788 152.512576476135 99.532663077476 136.040938977197 95.5144996782098 137.931273839138 100.391673071824 120.144424295342 177.805177695417 NA
"10" NA 109.695076399298 103.061859135588 104.862197400456 107.627517772959 105.378669456731 142.759805101496 110.908525176533 119.500437588192 145.067978517358 122.437616507678 148.156180996867 113.859468459852 124.249345365474 102.593984039436 106.843492337156 117.968878664053 129.198539282102 133.558188064602 118.733631003176 150.198079306037 122.463081564072 117.683147433006 119.423425004538 105.081335571899 94.8313937006975 125.619659318568 173.923079075223 113.881542900041 NA
"11" NA 113.890807129961 124.534676493511 114.54713311908 172.453238796071 117.266847458335 106.375122133646 128.321370575184 127.413501604402 134.87107558415 149.156782084259 134.457939325174 139.577226626648 113.412312031521 105.000952352992 101.760880316244 115.064812830168 118.129857495368 116.615019739009 121.576773534604 123.865483113603 97.6659417378388 112.945033724317 119.051830230079 193.518923652394 134.994213964525 165.746038126306 95.2180641082917 132.740133357048 NA
"12" 157.046422646706 121.309819222592 128.032684617096 146.098198227075 111.987684635354 115.607936668285 116.704389832679 178.600130138166 132.032114146272 143.840108904418 141.761374722871 134.097082072421 129.584703630334 130.728751722331 102.599587167234 98.6435108876015 140.12130894367 130.024144109103 141.061117900808 139.513661988868 140.127964833536 99.3846239863252 149.331195444022 116.653020655776 131.869933720052 110.907463611662 174.795561892697 109.729672292803 154.33582151763 141.38408208218
"13" 119.96701601028 97.6419283256066 109.178053220711 163.322847926773 129.151004411493 134.308401113535 130.590325604083 157.887011977297 149.715225961464 175.071089413268 121.267661377891 202.94615591849 134.306421128317 134.982764899692 104.803528462685 101.192601462609 129.551829238131 119.68406566192 148.21751772686 139.34039553802 113.073152894561 135.957174395003 141.858123585804 98.3359954260014 120.632137580028 133.48754627786 137.588388439394 124.749270054893 196.529178999615 117.362318268551
"14" 104.80479513399 95.1933223512421 91.6181301381067 139.891196689426 136.966532573638 121.602866735347 132.0678860571 127.731897955187 122.762249061268 110.87311716673 125.825483180777 150.134372130415 116.428358669293 126.123478644263 98.1835450300112 100.119573664099 121.930913563043 146.797712752382 143.928931581509 136.975088544045 123.677839602661 147.513310978035 114.749082753957 105.07747294758 177.392843573037 104.805928551692 149.232592855497 92.0719756542829 116.793837039498 100.842798396647
"15" 109.167566785517 157.961323089651 105.752645292499 153.630458426283 124.74837226579 127.992178694617 101.499462165059 151.206166088377 127.481913089975 130.780020590953 124.856719350125 108.771027989534 137.118098682358 132.69353945498 101.775342611898 105.792241375631 134.178589276292 156.266689801179 142.264678698048 128.377855510941 146.580499593851 124.782599344093 132.606708380964 101.918297496175 127.108246519373 111.899205534677 132.594155100078 91.5739407044695 99.3632613994637 110.587480240256
"16" 131.820889921877 184.427885736538 123.46100001476 116.520123195948 116.223294048357 118.869867997588 119.606443009398 170.901601494882 126.509846327711 152.305273950724 131.076407615734 131.851900731164 139.30167220112 129.369308780501 103.060439661392 101.638102637633 118.390241551271 140.419260871858 133.49297404749 117.47628226879 140.491878402415 140.8385634929 148.011215673089 96.7639773624955 145.676183939051 145.629147342076 93.6233340494726 210.201314647999 76.1194285039555 142.839551377713
"17" 135.63861098697 169.056619028415 116.762987812816 154.547838219816 147.708605054563 203.960520039059 170.386230099149 153.423937249213 122.780540819391 159.345606493335 124.432815781636 139.295504908362 128.179100927407 129.492023288209 101.803624089284 95.7475624617433 131.755085562588 133.513575793676 121.677039016952 137.499688779787 105.975642359109 131.905722099568 122.500216062085 133.607804867251 169.840574313181 132.354378721911 95.62834103851 106.092617991225 81.0371462299237 117.932699797846
"18" 76.6154877368309 72.7943659571744 109.2969470706 96.1854619808425 129.345624516854 166.123825268461 159.208816394265 172.43145857443 152.448647351998 132.006908412637 121.640278179295 124.665966807306 136.241041324054 119.572929934788 102.584455115261 102.275320193876 119.690327100705 142.717240213498 148.816056731748 138.970267129355 119.407801451056 149.463103623642 125.591277980388 139.948162213298 123.800096849231 106.933503446338 169.949747028321 150.855227152079 127.832036054777 166.540909404254
"19" 140.668499673187 72.7943666613461 88.7408737334963 101.30447149062 99.3477757301784 149.331787752171 99.6494320716943 127.694498336404 133.314252960611 118.758794009863 158.184651847248 126.235001511487 129.497337006349 132.569882016363 101.795611091695 104.26026122812 129.061234151035 131.567503510123 125.837167997333 131.43289433944 135.791198010765 143.155298243885 143.119367581519 152.112371751833 124.061650181855 130.364154397645 118.365108660517 76.359790551299 97.9291561104534 109.154032340683
"20" NA 114.407075967668 142.024571848134 153.932154430537 135.021278554037 109.779482343073 123.134922555789 124.683809681821 145.200165315184 126.739245808248 133.156736009773 120.063556019859 133.083270199126 124.448357898196 101.021343828462 105.875511172043 123.241106899064 139.129875808288 154.188967568338 138.119301455893 97.7421618395533 139.458583550971 137.13030510181 134.772945625735 147.967402871748 140.02946747156 105.300739166089 103.88533952048 134.891271585271 NA
"21" NA 72.7943666702 72.7943666674456 123.354146623406 187.150733101414 137.534744618921 127.829702205683 121.567929673631 132.728118117032 135.211694820347 122.028269504832 152.197804773402 120.463370481975 118.64241684837 105.740270665668 113.265679745066 124.800739014462 143.855481109905 148.858171654016 145.226030819474 112.328828507633 145.92877155229 125.292673380717 181.60683992137 107.746001151944 110.662222765726 170.534724924321 139.684063803224 139.060660968588 NA
"22" NA 94.341716267736 93.7649063591872 93.2390323487318 105.692119081982 104.008495384501 134.182043448662 105.349069931382 139.468864142906 153.585369231789 131.607955622191 132.797026050826 130.732914677996 131.019675407421 107.665795661977 100.879714767563 119.181927421004 139.127495606021 152.645595492019 134.609006396738 149.00448726529 122.459043562277 103.244961718046 128.772569599238 136.057680793508 101.121510887021 123.118054954443 80.3941941421292 108.360521257772 NA
"23" NA NA 85.4165435089948 81.3676707208523 138.162404908734 128.592531757795 122.540337229504 121.323282628337 100.359036614224 141.230451815535 144.274619539826 109.758230939926 146.922969233062 105.461482810022 125.097003017178 117.670130277493 133.688377515038 134.676186817388 108.636196150844 123.775617531542 145.902282630406 100.997962110131 127.390711932378 108.717820955735 105.337516599139 182.040939427422 174.616991628296 176.064301241432 NA NA
"24" NA NA NA 158.238243526449 103.688257058371 145.061326479726 123.182498166455 123.297472986406 138.433615461514 178.440660990438 153.290867357254 128.859311309613 134.515675762476 124.370472162171 114.213580090712 127.006416357302 121.733536434024 132.430203213662 108.753105439761 105.563266083367 106.851442954261 150.143735741504 130.443580140654 121.549634356869 139.843378096762 98.0384128314742 155.811155168291 NA NA NA
"25" NA NA NA 129.301344108579 129.047203516517 114.827864610351 131.816732824378 110.697749610858 120.167355154593 113.236871841625 132.886527957767 123.635071242724 142.021133178698 127.115217847868 124.125022326807 108.319745184399 119.833184229665 119.955333009805 103.052637346041 112.037889916223 144.078367569576 95.5666696375818 101.277828398479 113.992434061079 136.440459267786 131.073728699759 132.051316772065 NA NA NA
"26" NA NA NA NA 158.4110827182 98.3797262298474 72.7943666603763 126.398935650639 122.02028665928 113.746041708689 121.118131540781 127.211163216767 139.020507830694 112.409184959901 134.032251734439 117.935611407553 128.628591180775 117.634589021775 127.619736187577 104.039706501202 110.634368846677 133.719999577487 117.731942840319 124.659119482093 75.4952738003912 88.7409064017522 NA NA NA NA
"27" NA NA NA NA NA 137.339573971501 142.237054790651 113.108179229091 112.058451856198 100.575339420682 127.901997803603 122.745457313187 126.151743697663 152.407469078591 104.77328160667 132.75306653974 126.421015059633 112.662914579356 138.34578948137 140.611756380715 105.634922202099 127.697249869347 151.045132830177 114.397431353148 133.535610675378 NA NA NA NA NA
"28" NA NA NA NA NA NA NA 113.601851661837 128.500729874198 112.573583297448 109.443665754313 110.597393087992 142.750021152968 123.35055005853 119.80438931514 121.209861073332 136.170014237298 111.730535547308 123.739912152512 130.344904259944 94.4717256368842 117.050547968903 116.201461333324 NA NA NA NA NA NA NA
"29" NA NA NA NA NA NA NA NA 120.704241827463 127.810213665526 96.1277777748899 112.735876379935 101.772115636503 127.617114821872 124.65286627793 103.159074575944 127.983063336728 141.642737330598 117.160505087896 119.363803354346 77.6122185220205 110.818613258684 NA NA NA NA NA NA NA NA
"30" NA NA NA NA NA NA NA NA NA NA NA 108.541880260604 110.059954809207 121.812646038075 106.662040906116 86.7941190909404 123.17543690144 143.884512123613 132.014559810127 NA NA NA NA NA NA NA NA NA NA NA
