"V1" "V2" "V3" "V4" "V5" "V6" "V7" "V8" "V9" "V10" "V11" "V12" "V13" "V14" "V15" "V16" "V17" "V18" "V19" "V20" "V21" "V22" "V23" "V24" "V25" "V26" "V27" "V28" "V29" "V30"
"1" NA NA NA NA NA NA NA NA NA NA NA 139.16022125412 83.7206663023696 96.2928273202109 113.398168687785 110.59046861962 145.46327919971 136.748369194845 119.293047992349 NA NA NA NA NA NA NA NA NA NA NA
"2" NA NA NA NA NA NA NA NA 97.161814150776 110.897057170617 142.346202398462 138.245912221383 117.468250090222 94.6378810885057 81.7392828920596 101.474835668948 107.721901434137 94.7838953766876 83.7792032675076 124.071080209554 135.422318688955 107.765873781385 NA NA NA NA NA NA NA NA
"3" NA NA NA NA NA NA NA 113.070552818627 120.189390871462 133.450668047725 102.272696489295 115.042453882587 105.078913186759 99.1912721086232 109.720439506605 126.590320395881 112.909993989744 110.941399913304 110.569595613974 128.652924530347 126.359437421568 78.8148704852088 118.42891146195 NA NA NA NA NA NA NA
"4" NA NA NA NA NA 90.8675882877404 109.519352917087 92.4295480769888 125.70312286464 119.006860401679 108.266137141015 102.507076347674 114.572474191706 134.079462862989 114.444273772982 126.252558789454 116.185968118248 100.521664457754 113.203681261459 111.937863838856 114.254081912572 123.00157795379 124.146292736039 116.233356642259 134.265939962499 NA NA NA NA NA
"5" NA NA NA NA 75.6713169457547 94.4007527501587 108.84061558512 84.7716520585751 114.672433844212 145.130871457158 126.347211403178 145.928108864606 122.126829194302 155.942975675635 102.779285088098 128.466727651348 113.248775745832 106.104361319806 93.5878293256802 123.135159626902 133.503938826799 103.492247015639 72.7943574331318 98.1202425114311 72.7929131337257 86.2689502290131 NA NA NA NA
"6" NA NA NA NA 74.971429392265 92.6939854692554 110.285368439983 127.905848201069 107.813821214539 105.32853254775 124.341132359407 95.6788225221699 140.991485550144 113.544664021056 103.578616710774 121.141262112979 115.661667488728 107.887728201969 148.541652686303 131.513666709542 110.787685730372 97.6059605991093 86.3595201805747 94.9494153858257 108.875085103292 85.3669442925431 103.955207422619 NA NA NA
"7" NA NA NA 128.413786966214 93.9463835769699 213.461584532623 89.4638390893793 154.798804060451 85.7811898134136 97.5869824443373 111.87322698645 98.9901533776582 115.947387982186 141.283816188475 120.994755454779 108.290490767917 143.614127949161 103.487483428785 151.181388346701 129.457959587822 85.9301285648338 86.4238082842717 102.337606748074 107.583522393356 75.1278766492554 104.348855989214 76.9493053328035 NA NA NA
"8" NA NA 72.7943645255353 165.564619418461 76.1968445543916 172.378699149012 97.8813869161694 85.1368643028156 78.6491303320364 80.92160704127 124.106122518212 100.970609122795 111.238231753039 104.621903623741 104.310684504164 108.858261810441 98.451440718979 149.418242669299 129.678524872988 111.274657818654 120.814337431446 128.930142036263 106.129155731547 78.2579853759711 113.235474032861 72.7901271378338 79.2193312435024 72.7942453132344 NA NA
"9" NA 72.7943647478031 73.4297339116363 76.6060733418882 92.5388477852419 NA 110.864826605263 87.2706680488779 85.2986399380126 116.59759449284 118.877004315792 105.79861258457 120.198348203784 131.20587116908 111.412853116222 114.922444765389 132.187311971725 122.537176564586 127.218901465299 134.380870824112 120.007115353219 155.544285845662 133.559621694744 144.993959290215 152.137854475691 111.632006792926 72.794364753464 72.7875481475284 80.2540691615467 NA
"10" NA 82.7187916672361 72.794366496073 116.515289635491 76.8153040388118 86.1746749542168 106.563071158209 157.820349249144 117.315925116846 125.665217392082 126.157893500954 111.054213788983 124.620621040324 114.984569180573 111.949545898654 118.025365333273 100.906386945988 108.446061777654 111.557661960214 108.260010037843 141.207260505847 118.771497710505 110.820701840372 134.361526674915 153.527510603404 85.591804430539 105.276443767587 73.0744142637638 92.8610632735944 NA
"11" NA NA 83.6471041538047 NA 104.354547582809 105.509343467507 118.034653420502 85.8789118905269 122.637282353717 125.377719470272 100.026755082205 133.591753693686 130.216610038209 103.417303264211 117.742296870932 108.27980751892 123.862748318953 120.500846605249 137.725554475916 103.456471203927 106.225796200305 126.162030788226 100.741044057263 124.582662380721 83.5566026485834 131.91060320399 111.590315321499 80.0721513583097 101.288277847397 NA
"12" NA 72.7941769561464 72.7943609858994 72.7942893975355 77.5957033378364 89.3121265391764 108.719931745174 109.357483328152 139.305921848416 133.088832903636 122.793540788718 109.484387373816 119.715627979033 122.531506756996 95.3059523921565 96.8609242191949 110.576679750476 112.653017060206 130.552041130721 137.143656486298 108.10349122856 158.512651771464 83.3498779235707 175.593844934072 115.263133124902 72.794366482094 NA 80.1944037157275 72.79395308533 72.7943664214292
"13" NA NA 93.1243764704965 80.8689490087154 72.7943246273179 155.060711932463 104.785024482741 142.764349534461 105.75020953825 129.766564108771 123.352059748194 102.023683716196 119.298257129246 115.411588496333 106.795861090608 100.987300882805 110.984232984728 119.110859221963 127.235188254195 94.7906691790093 131.1152951698 120.56246600762 106.07352009786 144.843642742841 123.720748538701 144.537453306329 83.2997808151698 72.794153976629 73.2550151912757 92.7979575581433
"14" NA 72.7943657879384 72.7943664055776 72.794366530923 72.8706167133221 72.7943664680954 96.1514607795338 102.225819550523 99.8024976457015 133.943626286516 104.097888993145 117.763925173642 106.2202142066 94.8470509767458 98.2506942912031 102.523606061978 106.120394320694 130.543768947514 139.312089460033 140.957572899996 81.0475041377282 116.08153380705 134.708632162477 98.9439540916604 129.130320755358 99.4671445580051 102.237212739669 135.438272244045 113.291587707877 NA
"15" 74.9929524891966 72.7943580785703 92.1049093190492 80.2759613996978 122.216867288739 152.92059154458 148.878223336806 76.8079227809073 107.572615494969 128.523497418927 132.64996093129 116.978190346994 113.83044294544 109.927946044577 96.347782576202 100.362691372948 116.022214625988 143.807917618159 126.890149098437 118.453896284858 139.674835742226 120.754891662746 123.799459164226 82.0514147617391 NA 123.578489519678 117.339991107294 86.2686038296445 NA 80.6793206089974
"16" 113.678579880356 75.757961582887 72.7943191358388 89.5095250542147 72.794366510903 84.8493037071367 77.4106834540551 104.611729421777 112.634256126515 105.626139290934 130.147943423892 109.966063501945 114.425848287935 118.832084534997 96.3512238554397 110.803269889286 120.971363192488 132.88219577962 145.145637537133 119.428108346698 142.155251619277 156.953360035053 116.768188457406 109.345678672943 127.352922418906 72.7943578217682 77.3489189781031 NA 91.7380490097534 83.8368160695795
"17" NA NA 72.7943647257356 94.5123488579429 117.903715986431 76.2867589870102 101.023411498826 156.700733817557 88.8982114923452 152.165780842706 136.782149906542 137.881024713861 109.673268704767 121.883007432691 105.958003994993 112.893560904762 116.605774193222 109.169448672859 104.33300511158 139.188905431967 115.325351712934 115.195295540636 114.343050514823 124.688183522609 136.596824271404 94.2655964661363 85.5209582549819 NA 98.0058370846775 NA
"18" 88.7015173516782 86.5741805972888 113.867187295977 119.371319571157 107.904405766282 72.7926735324535 96.608034905688 227.088526314042 116.01660367595 104.45563975139 133.101596658511 122.8142672588 142.340591865976 119.281039311358 118.297886833535 123.196169574185 129.799733457637 115.66327363512 116.589812251824 137.924890999737 111.177590148672 145.979068825524 197.357448619955 75.2327670024832 110.113579281196 94.9346111979941 106.670865854613 103.744866140179 NA 72.794365510153
"19" 72.7943638075664 NA 72.7943665279589 116.073301425909 147.383712976306 145.406156412395 127.947594584278 108.924333914222 134.886560775391 120.916708951323 119.38838677288 114.539932899588 135.522902077405 117.330532283381 114.471472192728 127.519441307671 113.861507207643 103.868580218068 120.40861581406 145.6316957611 138.842742139158 112.593253227605 104.57728888005 123.640154075248 102.259636270792 85.2925276785915 73.1056165910328 76.7161694334362 87.3167634570624 75.6479910144503
"20" NA 100.882755249092 67.5324536704255 92.9253203717334 126.887550154838 120.033625353673 72.7943623327856 93.400227344509 102.710534284541 85.8470558683875 126.185623203959 126.991084153084 128.97930796327 117.805329528599 103.493656823039 116.482945902682 105.986018369328 134.698188418408 112.432125424325 116.720003465439 117.841599190979 100.966106127949 87.3509891359286 120.013607943796 77.8670626782121 176.634400421665 80.2280506281322 NA NA NA
"21" NA NA 72.7943665173711 102.430557437544 135.22233970236 116.092193786111 196.496562065981 99.040093195796 88.5505178164202 134.210610119767 109.485390632623 124.285827330893 97.2763425193257 109.678278742646 136.203553702412 98.9821165624143 108.754418294594 131.241304827601 120.837192325725 101.812230715612 123.739265537245 122.038802279567 123.468651762445 103.916378154633 112.751642978707 137.50356631299 118.296901505912 80.2363976942918 72.7943664543248 NA
"22" NA 72.7939823456153 80.72931673573 73.7372471374222 72.7943554729443 82.0691362795788 134.851844260612 128.917240233878 90.1657223634714 150.568408398394 137.441129274874 102.215849068718 97.1134918496136 102.462316585616 93.8987183145409 110.782198248089 123.75760362028 124.432904801999 129.389902021164 144.378964670826 137.064349108562 96.8540481288741 94.9778150403161 72.7943641003553 203.494886718444 87.693662766989 85.5418195847701 162.862420330219 72.7943516888582 NA
"23" NA NA 120.350359271406 87.797745662924 72.6588236645542 143.141961955868 77.3570057637316 113.351805304885 110.471032409406 115.578122234219 119.447458578337 105.237553439287 112.957615665306 130.081699608905 114.400422097575 108.963728220347 109.743213378347 116.217561340585 114.997707164707 100.827038118966 135.317116835946 130.734153905036 86.6735346065766 198.980009886867 99.1442240537019 90.7112666677915 72.7943655029788 146.155121139387 NA NA
"24" NA NA NA 77.3122471773482 72.7666043345413 166.764153307629 72.7943665104485 120.727760463596 113.068118280768 112.584149164391 150.65592611396 115.947032334026 123.789700863501 99.231997838927 99.8011653228757 118.796269698766 115.87504846257 99.2182882498857 113.947062667091 168.652736755655 115.103215197938 174.745423495664 92.6019481012995 123.085721598474 148.838098259138 75.5885120967874 104.65579530427 NA NA NA
"25" NA NA NA 103.666529378946 118.139714191672 110.910941178497 117.483181446547 108.875564549548 103.174480309531 111.078608459289 112.870266162168 95.8815011333418 91.4824215803436 96.3434571389703 95.0262303240926 104.835138516973 103.173116379023 106.485641886901 131.286034741874 116.696146240573 93.7670833316108 83.7195133993571 98.1760301278483 115.007803773219 120.379619899086 126.704563305837 83.1374660290341 NA NA NA
"26" NA NA NA NA 75.7596269427273 101.631851392017 113.114558035506 114.347702299036 153.794377455817 130.465065385542 122.609984564005 86.8377119327238 94.8011063173881 110.696122745417 108.165314385746 127.149960620429 108.191569085491 112.209598220847 128.548441056716 110.219118350475 119.077411919594 93.035708835211 135.940959407198 92.2175976883366 95.6785520340841 110.56434557859 NA NA NA NA
"27" NA NA NA NA NA 80.2325153481916 80.2074967356456 107.651794053417 97.7763329513681 101.890433769877 85.3352368284765 97.3173921023164 99.8743454717167 121.085150524809 100.92015436765 114.669106223443 126.201585971084 113.587221486712 107.071484833637 78.376452692767 146.078809257225 72.9533436413143 93.8603349073369 72.7769117929434 117.338168190785 NA NA NA NA NA
"28" NA NA NA NA NA NA NA 88.0999811001657 107.371186992348 110.348072297819 137.170944259378 134.506641537848 97.9859470764006 115.487438356106 113.573523336122 131.558915259549 104.935609337205 115.349832779795 88.7411156716228 130.721267171416 146.170250037016 97.7521924939897 110.609419975486 NA NA NA NA NA NA NA
"29" NA NA NA NA NA NA NA NA 140.234972982286 167.942756384179 111.926086848288 137.689266543557 121.991336466706 135.462116873266 106.902916331762 132.546952114573 135.511090018032 125.008925222868 107.015214290256 137.34063729362 102.362511096129 116.387440842231 NA NA NA NA NA NA NA NA
"30" NA NA NA NA NA NA NA NA NA NA NA 114.427613492214 130.330646455335 106.229767897918 111.401185994727 117.413623748551 124.126769787216 92.534208331255 135.097997633775 NA NA NA NA NA NA NA NA NA NA NA
