"V1" "V2" "V3" "V4" "V5" "V6" "V7" "V8" "V9" "V10" "V11" "V12" "V13" "V14" "V15" "V16" "V17" "V18" "V19" "V20" "V21" "V22" "V23" "V24" "V25" "V26" "V27" "V28" "V29" "V30"
"1" NA NA NA NA NA NA NA NA NA NA NA 92.9493586316839 83.3728984136239 83.3014397918666 94.4465749701133 84.5371877938641 115.108365407461 83.2184014846584 93.3339839191952 NA NA NA NA NA NA NA NA NA NA NA
"2" NA NA NA NA NA NA NA NA 72.7902721644565 88.6504992709565 84.3048940821452 107.808494184957 82.3048840977511 76.9889550111125 93.7472499009965 89.3483807432411 89.310533806579 99.8529778146002 71.7516843780821 84.7456532432418 93.5611848721816 100.187396206278 NA NA NA NA NA NA NA NA
"3" NA NA NA NA NA NA NA 95.1624807901108 90.3048898972818 109.448000056504 80.7751375064208 90.9830234459978 82.5934804862834 85.6556227699649 93.1991127067644 96.9075521535162 77.6535267931912 85.1382772463938 123.778555218146 88.5821883624479 71.8779904637483 72.7870523252295 71.242246230947 NA NA NA NA NA NA NA
"4" NA NA NA NA NA 73.9646208792927 72.6834453452968 93.3168316066878 76.5532291291344 97.707360317284 96.9446198886294 116.457773608227 104.359236714508 99.8040990566353 92.195730086414 117.567660788369 95.1811268970472 99.1551363226112 99.9147353579013 72.6443502010044 93.2680165002271 87.959916305266 78.8557880160644 72.77073568991 NA NA NA NA NA NA
"5" NA NA NA NA 72.7660505253343 88.4566004470487 NA 73.9002933496488 82.5097918287989 115.4175397774 85.0703015419869 81.0827181314118 88.1956524404658 83.6664543322366 104.065933963994 94.9263234361121 99.0003335711763 102.338459164032 94.1010113812823 96.9234912295799 92.1308058581347 82.5414470267545 101.145237500521 72.7860676239759 72.6734850649206 114.702567154218 NA NA NA NA
"6" NA NA NA 87.2752285586735 104.673309909175 72.79039311747 72.6900965098689 92.3363736046504 103.845323932353 90.6357340763992 84.0729180841725 103.066958954189 95.7130509146263 91.6549635403488 102.960101902969 100.271597298082 94.9985838642456 93.5437577670361 109.057365943713 82.4948745786078 89.7932035946839 85.1992264285595 119.563908445301 84.0107191132155 72.7908854446395 83.1958090875879 72.7821327976771 NA NA NA
"7" NA NA NA 73.7358098631071 78.0930104439819 81.4205494974009 141.934017818316 NA 77.8880547984932 81.2344088856481 90.4635374135982 83.057469135316 91.8514109759665 95.1155917748445 99.1961363097687 101.615168775454 93.4486504524795 100.118828811609 85.6148621952329 97.284841905578 95.1810686887519 114.624743680964 90.3647776120131 74.5648606259805 90.7937220423555 72.7278648651879 76.3748797061029 NA NA NA
"8" NA NA 82.8795470609346 79.0814015376155 81.2464193268649 92.2904634006727 76.8531687362305 NA 111.337649804786 85.0027975476085 127.956385202868 97.822357471041 90.6172795367074 105.973611335261 103.449621251997 108.54554614554 91.472386739115 92.2246859155676 83.4315516171426 96.8439590410298 94.70784329683 76.4539644202227 109.648066470995 72.76227654795 72.7853615723036 72.7893451097154 85.0801798575791 78.4833310465879 NA NA
"9" NA NA 72.7906633336462 72.8807241765058 72.7767383592471 100.902433514047 100.069380093709 110.700183711282 97.2997219146737 101.581087085657 113.900126810981 102.376187366599 97.609025352356 96.6573480731933 98.0609402205551 103.555501286082 87.7418608711215 97.6273437971316 92.5443865043292 89.1523030559368 82.9785039037998 75.0014359261507 104.210818359118 96.2257264632542 80.3100193985695 77.1442547068412 NA 72.7815046442144 72.7642809884272 NA
"10" NA 72.7819099040157 72.742447514299 73.2146637622218 85.9260558644112 NA 92.2031689024362 91.9425885536904 97.6099396794805 116.944988851173 84.5162277493129 89.1420634020681 98.5929165779118 99.2617650322173 94.8686557032515 91.7107496801373 103.656111452562 121.512277764227 120.262679914165 111.980523723 90.6419154801502 75.1649112753361 97.1373310659527 95.0938811978175 77.2763595052996 72.7555725743723 74.2289425469002 72.7036661163386 93.9149294063258 NA
"11" NA 72.1308218421113 113.085065681625 72.6571431231915 96.398658623576 NA 72.7914613097952 93.554614225298 77.0752781335071 109.366499462869 101.774377307763 109.650020228083 105.537956771375 99.9356549786004 94.0461759802841 93.0486018352475 95.6082070205827 115.338801084468 101.455612741951 111.947283689169 98.7680856759943 82.5371549760771 87.3461949705035 71.0398901832042 77.5003442451687 124.636694926653 101.932956355826 72.7908830694929 72.7863840721284 NA
"12" NA NA 72.6293346676116 149.882530755887 94.5376962050128 95.8889293740253 101.096709038612 96.9328643483409 99.6578382175143 85.7445273143914 92.4280263659892 114.416351168624 101.83503471734 96.0886920791367 99.6442531042357 101.066291905179 103.78970231466 116.241944687038 96.028949975039 93.1755784655673 109.623125498239 109.475334324474 116.901744568674 91.4987101596088 90.6811339864862 99.865381114123 72.7639961741748 82.4983629697563 NA 72.7896131820846
"13" 72.5291481046618 72.7339300289912 NA 72.6822007209234 72.7907137855633 81.1797650353138 78.8967642587133 96.7551860899169 92.9822548130416 91.1802476581598 94.7063360002569 101.161016261891 100.003820617761 98.5331265819043 98.1329475869873 102.05062757888 99.4862514813249 104.151017115624 81.3903770165946 97.5963760987739 103.532041464168 97.8027798917173 86.7839371526851 109.989142612144 77.7135949134395 92.7632894084766 72.4978853458661 107.919788975413 72.6800840382228 81.009108175496
"14" NA NA 72.6689589315065 72.7817894133453 99.7386377175896 111.510833021227 81.8490765159148 102.796202354455 105.671555248672 110.081248724818 105.483077308535 94.6799334145741 101.325722010064 108.127840850605 100.623685260361 96.3012401187979 97.4799324525437 108.738183328477 95.2148957926795 101.674264734887 116.710007947843 96.2025222862896 101.222454602634 77.813670798054 74.8155309119384 72.7909280765223 95.0739726426082 76.5695204718454 NA 72.7348093496354
"15" 71.6955608118077 NA NA NA 72.7884311167395 97.3297610739996 82.499763000911 97.4621048473626 89.2633141504009 91.1907122318504 105.642063672554 96.5061776719529 94.5036194101846 91.8994012867072 92.9784651695131 99.4769609590746 98.1373179644261 94.5053940883232 106.935631308316 100.556102329201 101.841814139924 108.253546666011 109.397665615401 75.0615340659727 72.7627386387764 69.6466477963687 NA 78.1985384107471 77.627357645661 NA
"16" NA NA 74.7100758620193 70.586294944029 82.575343160869 85.4980862993064 73.2230191408728 101.593564036825 98.2640241142916 117.924147285781 120.795394430505 88.8255221644981 106.5634481328 100.085934568679 93.6966393187482 94.7407460759741 103.590775338665 99.1826212054656 107.57343405668 107.528095811162 90.3489892285642 79.6568945424516 87.7203668907237 116.843396406552 86.6479335182896 NA NA 86.7718341806736 NA NA
"17" 72.7864640736172 NA 72.1645578652089 74.5302115795311 72.7891404225006 72.7293808878898 85.6801273555332 87.6773006294613 93.5318394533854 105.174025415534 93.8089862287616 94.6657364505567 100.987295029785 106.760467466138 95.5977692158835 100.473618374593 98.1049304667651 102.730259342422 94.8207414153364 99.5083316549452 84.4251767707994 101.115775750743 107.955342985265 88.7800050380032 118.609665822513 116.587023043958 NA 72.7876508135154 72.094378876398 72.7882680618858
"18" NA 72.6642046656057 72.7840951341893 81.4621361118955 72.7822520170028 77.8504489023953 141.426839429096 103.709740088487 95.1256414616998 76.5329377498223 92.6121885121079 91.6679891843334 100.461373345256 95.8436860271039 98.9648186899203 90.5011155896563 92.2123729488488 99.5474473378907 97.5325278624785 99.0943338950313 103.72428577728 85.2515883083252 85.2758457596266 103.506144121201 102.51433479906 102.503467901874 74.6771837294829 72.7713081875162 NA NA
"19" NA NA 72.7908837254906 72.7879569058759 NA NA 87.4113234331344 77.8253569589521 107.503500673699 106.4055237717 100.914552690082 99.0105651910028 101.746358334321 106.595386886654 92.4213182891951 102.36218448934 100.110047975334 104.11692374617 109.940405687618 96.9540572318504 111.483597473306 96.1442389748318 87.0728493777682 99.8264960782236 74.2887029946177 72.7684092043979 113.095239616457 132.494749384673 72.7481692276725 NA
"20" NA 72.7840131500084 NA NA NA 83.9751165114752 72.73796253997 98.8342589994124 88.5907357987328 127.945820290388 96.539313207 129.656067529182 106.149566670812 109.375724168133 97.6329625988327 101.445156957631 110.068557321253 99.1385344981272 116.538259559647 104.899544097179 78.5718791922024 87.7422531183154 142.89205897327 91.09862937522 77.2838102317048 72.6904338183402 72.6506261089744 NA 72.7649227080141 NA
"21" NA 72.7705370346922 81.6728540678412 75.0937103937154 84.9338560997998 80.6944963060001 75.3674466940931 79.2763122648357 79.2977403282529 106.492335249816 97.1620400047306 101.862203353243 101.071464487946 101.148494971334 90.1353990282067 90.1099598553621 97.9999378264047 95.6682488569003 96.7281267677636 85.3817081201047 96.5314814686548 107.204192758757 74.2478178735207 88.4986535129235 72.7858288660643 NA NA 93.833227471668 NA NA
"22" NA NA 72.789571731672 72.7798594066021 72.3844401006791 74.1378685000975 72.6199972312131 102.594420615097 100.231520947385 79.2300119999353 100.514068631202 104.524831918139 92.005288421747 108.780803613749 101.24065322527 89.4453296743739 98.3672852601498 85.457170069036 95.2699474234427 104.785066528562 108.243277842673 104.923912743937 NA 123.183172713625 79.8958771891572 72.782993403157 71.8788618700734 72.7607125814794 72.247829297822 NA
"23" NA NA 72.4219412760223 72.7909995687083 78.8785096071445 72.790553798964 110.807232827176 136.906151708008 98.8987758359371 84.1217995144449 92.867004802522 88.6317968745016 111.44318576637 92.9366320093321 87.621340105455 106.927256634948 100.437535154322 90.1515258661948 96.5033828920296 103.658676804014 78.8105183314501 97.6526179461287 105.321690468487 NA NA 83.1974182945333 111.834185655208 NA NA NA
"24" NA NA NA 72.7896646968645 NA NA 99.1522466182806 91.2484361030863 92.8474080640138 79.1942151883921 96.7031984708792 94.186693310237 84.5046410016417 96.1364136778663 92.3888746816268 111.306539926807 92.1669353999419 89.1434960376045 84.577906979632 112.052385344865 91.8286381193591 78.9677327945432 114.518316081716 132.292429948727 NA 72.781664404487 NA NA NA NA
"25" NA NA NA NA 72.7906443741972 108.030891926077 78.1203506004224 74.8097431260543 84.4003939598141 84.7907164760194 83.7858107925521 101.521719715903 84.3412052712837 84.268685341204 87.6762729501167 94.6071782371147 88.3590627839656 97.4284829286737 94.2536586511568 84.1101016860931 90.9044411868204 106.372877163539 72.7900754398654 72.7893781013719 72.7899607107044 72.6304703619773 72.7746565686252 NA NA NA
"26" NA NA NA NA NA 81.8276025390111 72.8468266590143 82.8740624988379 74.0100042928098 84.8281204975515 92.9658217608423 80.9574719419006 90.2835674245595 86.760934249572 107.086792856147 84.3721394776672 82.5894592422328 113.257916471956 84.4197506206197 87.0961428878214 80.7957304303322 80.5764088148192 79.3213303289753 115.132301330437 123.36976662291 97.0316957497544 NA NA NA NA
"27" NA NA NA NA NA NA 95.2537155241818 80.1033089730002 72.7881752131861 78.117646193986 81.383517385505 89.9156102468616 121.268377977115 98.7960356287421 91.8658705132729 85.6531823545696 82.9492793937742 109.851584735303 88.7093180072246 96.0281704651828 96.0421863830224 90.5988189121941 81.1224225969794 73.3620196099356 69.6732545121475 NA NA NA NA NA
"28" NA NA NA NA NA NA NA 81.0751516212328 105.054436802596 80.1886004769736 131.338429212475 88.9989597625903 91.7656669760234 88.296877044197 97.311695253731 102.804101621256 83.6547085659406 90.4686174879031 83.9593463366746 103.538382774256 104.605491268758 78.9811112429043 84.2206524420685 NA NA NA NA NA NA NA
"29" NA NA NA NA NA NA NA NA 78.5600197901825 74.5247820551584 90.3420241735466 92.3342393924449 106.054990531158 95.0988292327407 92.9738625303912 80.7394517053095 79.9145921626438 80.5116720849348 81.3080648981463 72.7386611180605 85.3789044897826 79.5933737676224 NA NA NA NA NA NA NA NA
"30" NA NA NA NA NA NA NA NA NA NA NA 74.533472548436 74.9687747654359 82.8644194662162 82.7588558145663 95.6876883987737 86.0592149047115 90.4008566897646 81.5324442204701 NA NA NA NA NA NA NA NA NA NA NA
