"V1" "V2" "V3" "V4" "V5" "V6" "V7" "V8" "V9" "V10" "V11" "V12" "V13" "V14" "V15" "V16" "V17" "V18" "V19" "V20" "V21" "V22" "V23" "V24" "V25" "V26" "V27" "V28" "V29" "V30"
"1" NA NA NA NA NA NA NA NA NA NA NA 112.067231095621 108.145453570166 103.320944666051 116.447717921214 116.591405567614 122.819897392385 125.301858279034 99.9149912779034 NA NA NA NA NA NA NA NA NA NA NA
"2" NA NA NA NA NA NA NA NA 72.7939701857488 88.5746198992201 72.7943579676789 89.1086714425667 101.862413149031 147.153551373796 125.890131080561 104.049491281912 99.0404729093106 81.0341165318319 91.1266072186865 81.6328399109451 118.057757007968 80.6516870840441 NA NA NA NA NA NA NA NA
"3" NA NA NA NA NA NA NA 100.428484406651 125.817242667247 79.5801292904865 92.6901100253212 118.418191163997 125.88983280455 96.9293051181087 95.0466105585645 105.31470356655 109.124715858497 101.97331002334 142.637291228408 106.331264589513 121.92637535304 99.9717136769994 94.6760381405036 NA NA NA NA NA NA NA
"4" NA NA NA NA NA 96.1345772194905 72.794365484654 72.7931429016775 177.571725448224 108.046343243096 107.224500082548 81.2670269905026 118.073796054556 113.018936326403 104.993078246025 144.602882124795 99.7514545432369 128.558418946002 94.227172884859 102.194500506954 81.6792649946405 82.3469837097076 97.0260383764557 72.9271908903823 72.786319820759 NA NA NA NA NA
"5" NA NA NA NA 73.3441499175554 129.680989504077 72.7943664813593 81.0142462753355 77.5213518228525 96.6522790849422 115.416984772379 109.747093725126 91.3896469529979 111.206372365622 97.2003426377242 108.702533945635 107.651186406002 97.6406293290581 118.584249272209 106.797097651974 76.7945567776811 137.109734584555 113.402470225609 133.949916132734 87.673670603509 85.2477409063517 NA NA NA NA
"6" NA NA NA NA 103.073007334402 87.9422131331262 137.144459887471 73.2784478605461 100.442175611307 102.35389101693 120.033903315819 112.529138196987 100.153559996953 96.32271333813 100.165815035468 118.815074409571 94.2846752632256 114.104500787877 134.059117730232 106.126142190321 88.2046218749715 96.574670961574 77.834906463989 94.6355023722869 97.0742894118281 85.2305812002055 74.5417971833125 NA NA NA
"7" NA NA NA NA 86.913675571594 93.3311715205797 133.387457923005 118.408714766576 93.7930071153329 137.395348633064 131.518871247603 126.922910528722 122.922869994819 104.107736641208 95.3273472158516 137.077344483213 117.176401314396 92.475630838966 113.10622257677 122.804249324873 89.1268873951283 128.178592403891 87.7472303714195 81.8115193318175 75.5834052346054 98.3525659326536 101.859518638249 NA NA NA
"8" NA NA 110.768107912996 75.1974740883251 116.272597087591 103.813464331891 73.4577475098452 110.211101673486 99.7831554643933 82.3408959026109 83.784248028407 109.374223255764 103.702812409838 101.389408910532 103.54495063315 89.4902036081754 100.28221961213 114.285368151059 95.9911618247349 105.026979377727 124.839841065227 113.989205832884 94.4454269572099 89.4506331113252 109.685069460278 77.2457604469502 87.3609232786272 73.20440936225 NA NA
"9" NA 72.7943660169024 98.0746593772964 NA 78.1677805517175 84.9951243468941 73.6867092797811 87.0911663147059 117.257710825494 131.252324793385 116.793189622788 91.6177349428937 109.686505669732 119.631618771301 102.450309688926 107.501329671407 106.284645608128 120.206238000225 123.793977377185 115.515255719047 107.544880687857 115.193477754343 115.733546420141 113.126165730412 77.8760069166602 100.202335640723 106.550360194929 NA 88.4822712591283 NA
"10" NA NA 135.062587737127 89.5804815403325 88.7376895731287 172.608166836646 109.224869412682 95.0756130220466 104.118476162404 109.694344434395 125.278246512988 103.346532103364 118.637603279475 97.6145810052972 105.524364720369 109.124132992424 109.041359131714 94.0871057835468 115.739887664615 104.743030789336 123.951453024997 127.810543434796 109.19831795145 91.9224111586015 154.941313597764 86.2390542920509 94.5109796550548 238.118881064466 117.555651547052 NA
"11" NA NA 72.79436164568 72.8385427604358 124.61780662417 102.763486811444 115.09053104817 88.7114033669486 114.847513491173 90.1183834278298 113.118953494062 95.6120664957437 116.630853241175 110.50726708651 96.3360102865812 92.0003243281945 121.754754231499 96.8163530717936 129.245762852229 103.303705915352 112.682017244399 106.603674372437 106.711003445051 91.6220867346245 103.011794808338 94.5424609460306 127.830680174982 90.1959949428994 81.2454763283141 NA
"12" 72.7943665016437 NA 160.74672593078 107.836474834717 NA 72.7843393455749 117.188542049362 99.3914069621999 146.63494152733 90.5153271327251 132.042053107649 125.055954998477 113.12391333468 104.696133604668 119.574785904159 103.079759294201 115.244448496954 111.878769127201 107.793198435005 121.367429039175 144.376430207464 96.1400074868646 92.131380623666 84.8541313545728 108.756608741816 75.4629088386338 96.3451567086168 72.7943664364149 86.6578455557603 87.6850818096597
"13" 75.3615808964963 72.7943661951118 72.7976310433605 78.2222566087477 76.9880862729732 92.4241238581049 111.370687535796 111.296436859339 125.756753948634 107.45228939381 97.9189262195202 99.8670500658241 120.767482845432 104.104197912641 113.151003124836 118.725327336559 102.936691018697 103.786356898392 105.583836554208 132.364308239569 104.406053931667 89.6323628546117 89.5288815920646 122.838041376814 72.8449167060705 120.40555491809 72.7943664888059 86.9195847546105 NA 72.7934283827552
"14" 72.8537273867484 124.600370016815 81.2353582201233 73.2990652355695 98.5535668271141 113.40867218094 76.2681159627691 136.205068869954 106.120968592459 104.264550371608 107.845913455109 103.415581216634 108.280426984328 102.928349688958 113.492275637575 99.8356926106992 106.468816021079 111.957016138446 97.6279806766621 115.806476317304 117.3751335694 115.842884572279 121.920034024408 100.512237392304 118.748386029981 114.484842702116 110.438202437904 NA 99.0139816391689 83.6950247826818
"15" 79.4486737268857 72.7920896772613 77.1021706596838 84.491671712379 83.6502897796988 97.5001931459987 112.486502090167 97.2281925185719 104.230348119728 117.132833181921 102.279795415022 123.126743898867 98.2895446346757 102.662065182706 100.851614912093 111.847271899493 115.651983215471 125.7255340623 104.115956644209 123.930979431147 125.512937306138 103.362990005825 112.815271531456 115.678926531772 100.268106257085 138.301815449762 73.8140933809354 97.7590253709571 72.7943570470212 79.049380463953
"16" 141.050947837244 NA NA 102.811742224846 89.1806912744201 120.178445464161 97.4949098200595 105.128502017919 104.222157471479 128.401991547791 114.861854936344 107.887551775253 114.009121029074 111.632228587236 113.406638574778 102.281754111837 106.299944243597 102.670449175538 106.354545380297 106.512170990903 121.167044783665 101.002412232687 118.098605881847 105.582656465903 131.337592476688 116.228085193559 107.883586152888 115.292498853809 72.7889612453618 77.5767862653296
"17" 72.7860502927803 100.40359307895 82.5293733525014 105.859072386756 80.0519043019574 83.4792839552194 126.068568956016 121.153182235378 99.1547697309696 100.077644873111 109.837438559377 104.978592353408 104.432967165006 101.151820760872 108.354554337139 110.53881184318 118.302514644519 113.201922823753 106.788950337135 100.898657274146 102.323478548259 126.981384431168 76.7027253736734 123.075083901706 111.838689822532 75.4150130338303 72.7941377620027 126.909336834828 86.7675585524117 72.7943498905063
"18" 85.7065921895782 92.2745717441446 113.27715859656 72.7941978053157 108.606538970791 89.6018637798009 125.295785245274 87.3786250657472 99.1573902350416 92.1673561802684 110.506447773707 101.77446979516 88.7690450650083 127.380162184874 105.258538188692 103.00066715019 121.070272983496 112.385673316069 110.833398872022 101.788287621842 122.000357469906 96.7234763787464 89.4311628232136 111.440241974993 85.6619866429205 87.8678416168646 96.0556190576098 78.1913125566764 105.36380924232 87.2495580042551
"19" 72.7943576728322 82.6067497828753 72.794365799137 87.9658255329438 79.9609549187001 105.640463630731 96.30921826379 102.145046206683 156.044067530786 136.898739717838 106.515484812941 104.72295894621 110.802932266273 116.044992712714 109.654789345442 108.644745953355 111.905006752036 107.721681482354 111.469671267108 133.526806451685 141.119709784281 131.171650136999 157.229925170933 102.997454137468 137.739095632071 78.9768814317997 107.507205145793 184.362553052454 120.891792872229 78.6985927324671
"20" NA 119.505293289431 72.7909235620716 85.8216262250135 101.302135005 110.786228314263 97.7359170612006 99.555432976402 82.4296822233444 102.077794009572 95.6689302597246 119.505889991252 103.459458629037 118.602079103837 103.498423358577 93.8369977489507 116.390363593031 102.164805976811 115.288470536045 122.958788213453 117.792388214076 94.1999952075968 91.3737227419106 93.0954687386555 83.002687674656 81.3875914779906 89.1695217896686 98.6616920377881 151.080170413426 NA
"21" NA 72.7941406234601 99.1764930206438 79.5405547173255 72.7690780160035 76.6641016899014 123.232993871375 88.5752720926794 106.875516340431 82.2639092105569 100.941307824379 97.1270601411646 110.009271231486 100.391002904352 113.033828778795 114.546950521285 119.128452224726 114.733277965018 113.470220310485 111.722150873451 127.396338064842 125.739658066392 87.796305428736 80.6875716544365 96.3748735044983 85.5551851107835 84.7739152955428 123.541199471402 78.6744338438623 NA
"22" NA 72.7943662410409 72.7928972927001 99.3339207749857 165.732899306231 91.7307439765454 125.867223745328 113.939392539301 103.963754127457 123.335595066557 104.280183671156 115.90938149436 99.8792878835816 114.231818440556 112.116546110258 106.385421565665 106.345337502187 121.245701337114 114.344514476876 122.736183300479 92.5254130554865 111.037114448622 110.097692203662 88.2261899440952 104.590165011991 72.7943590634473 72.7943148092765 136.542292671644 83.7670706524504 NA
"23" NA NA NA 83.1233348896411 72.7939941656839 90.1776569977174 104.350318329741 85.1822764285188 110.722358183807 90.881822061069 102.113190524535 94.546537229183 120.574949632133 110.848108843283 116.794615915406 106.598193464255 119.66998944959 103.264063181496 105.010012686799 120.08153944593 104.017581050384 87.1519556977317 84.7280173865193 85.3566854208301 77.3678284450834 125.118250241152 72.7943665154401 75.7515642407391 NA NA
"24" NA NA NA 75.3342230108352 79.769182204379 NA 109.259014440453 94.2123081926166 96.4166713066161 97.8508841268443 118.151186642309 94.338375259962 102.125688556898 106.1913314777 103.871804018695 96.9651849511523 133.356155049822 105.410108305666 100.876795585048 96.6844888566984 159.943066929427 106.398571403057 75.4999074375508 72.8332337546261 89.1331198800036 82.451412455768 104.690299713224 NA NA NA
"25" NA NA NA 72.7943472351707 NA 112.986275463459 91.5508443787568 92.2329921930661 113.526509189277 133.107683523372 102.824139755472 110.004054211537 87.7463055340342 120.481714125365 117.152477882469 113.224421482041 114.450338122847 136.735711976812 120.236740391915 108.793419883299 88.3154167352348 102.764619847307 87.504177251437 94.2258115161341 92.9337102027568 73.1561505184409 97.312782036968 NA NA NA
"26" NA NA NA NA 111.338815069748 90.6162340903238 86.0964253988654 95.8407682430255 106.263553085533 98.5290734461405 113.448166237905 89.5843965776214 107.403873900407 101.997361711048 94.8168670240555 109.626059911593 112.046275513886 106.861389085789 101.528201312032 116.2705938675 134.375141369863 108.577906421675 114.218096459313 79.676800664833 95.7596155089523 87.4581329790072 NA NA NA NA
"27" NA NA NA NA NA 113.898687820721 92.3534691213026 112.560041648358 83.4938242966996 89.6160371535367 85.8226673971421 103.449167133541 88.1129927241103 112.454506645278 99.4063834228518 115.852146461255 100.632212452847 112.362562230435 100.480246148269 102.833455050333 110.700392430353 89.053617613448 87.072922178842 93.2878233264323 72.7943653657936 NA NA NA NA NA
"28" NA NA NA NA NA NA NA 72.7915263504552 96.1129275657193 84.6322596546608 93.9230756759843 87.2518124989402 94.5441385805009 83.9284293435565 97.0060765317331 105.325263482407 89.1798262205914 91.3701152832948 86.4315171562936 96.0077537702783 94.4636525837804 106.504645285871 72.7818187141272 NA NA NA NA NA NA NA
"29" NA NA NA NA NA NA NA NA 88.4147344863705 81.1487372490074 98.4512353232582 98.6503686120479 146.493709556499 130.51904064064 93.3215459966762 97.769699449444 116.973705097941 107.46593106774 86.888289402593 103.773185726186 109.380583831753 78.752884153671 NA NA NA NA NA NA NA NA
"30" NA NA NA NA NA NA NA NA NA NA NA 133.262266899202 85.8434836235996 98.0731609834415 89.2665041882301 100.766461365994 120.52086609732 86.9705247891003 96.3624906956492 NA NA NA NA NA NA NA NA NA NA NA
