"V1" "V2" "V3" "V4" "V5" "V6" "V7" "V8" "V9" "V10" "V11" "V12" "V13" "V14" "V15" "V16" "V17" "V18" "V19" "V20" "V21" "V22" "V23" "V24" "V25" "V26" "V27" "V28" "V29" "V30"
"1" NA NA NA NA NA NA NA NA NA NA NA 104.933026541981 121.698655035863 111.145040528823 105.406981907645 97.9886730872842 92.858572848648 108.411334753093 125.553251934113 NA NA NA NA NA NA NA NA NA NA NA
"2" NA NA NA NA NA NA NA NA 94.2282470041447 109.942194559842 113.41030744236 102.649444669784 117.44576484884 118.647126771295 100.962769505451 105.228122844206 100.67545973635 109.380921096922 102.048324104912 102.912105822756 99.5332977655414 136.044174648365 NA NA NA NA NA NA NA NA
"3" NA NA NA NA NA NA NA 96.253521092271 89.9438922895032 131.892944208649 106.015169013828 99.3717392482984 94.2073370201473 112.339131981592 97.6571725039719 111.01180273054 105.89922039492 102.957919506366 123.912840512635 107.089236551764 223.155972559239 127.453296112969 89.7906768737466 NA NA NA NA NA NA NA
"4" NA NA NA NA NA NA 166.226423701667 115.03153184356 139.528548456774 103.170254556577 109.249818906547 108.672901606642 116.028941763429 110.561776647091 103.375813821037 113.982978415141 121.726759145349 118.70542877873 96.5296511115201 108.170133878726 111.049641494488 89.3324384967496 85.4904268506864 75.0752165555314 75.0348783180092 NA NA NA NA NA
"5" NA NA NA NA 148.134378011978 93.76159572313 117.682829676394 84.9676638151229 101.178518661147 130.828958234216 136.114389635931 105.94543820531 106.225623834885 100.639968688377 109.060709659675 109.444889865159 110.169895404062 128.44468152891 161.94372966248 111.256866169366 99.5017477059452 82.320424759129 120.792244339959 97.2266660756466 125.568070542758 98.8638353562771 NA NA NA NA
"6" NA NA NA 72.7943666704128 124.588723076617 136.017472451308 113.693999946706 108.650047407712 134.264073481517 94.3072511054152 108.51676131118 121.861133319797 136.901678101992 109.626408431104 108.29483060614 105.842188547918 102.258402825886 115.044260577201 125.700012432994 112.801789419924 98.5514883994533 93.1797824504221 126.831244991461 141.269669346673 105.003020449333 113.994196643439 108.470986303424 NA NA NA
"7" NA NA NA 203.526467373686 110.617363978501 80.0110864543426 119.151739167495 86.5281930819835 114.881602103547 101.808174739849 90.9161825351316 108.415020329698 115.584716564977 109.311153955162 108.898291886953 105.003725914457 104.06794233851 109.160435302503 116.034766820894 125.365723711813 116.508620704219 134.469550601011 129.74343081865 208.682138329963 143.294057240996 87.6906458579433 196.666138691044 NA NA NA
"8" NA NA 87.5597987145413 100.991935934828 94.7516609534564 108.499920699307 143.364215170031 113.134194708149 114.879274683256 113.327267920241 119.787073467916 108.515727432623 101.205992955392 109.544367068097 109.528502000707 107.721755720494 110.15868122545 116.980773370748 130.760766300623 111.325856943834 93.565974658429 104.340184201114 141.953328341284 106.958094611247 87.536944433598 130.962542686285 95.0287790941379 72.8396848964272 NA NA
"9" NA 217.767066271598 79.1963837507957 87.7516525619674 90.3794641248498 145.617745251999 180.252170171208 114.873279810609 91.6270887051326 107.116784448309 119.169740239454 116.632322613294 123.508559057757 101.75782557658 104.792910147606 105.553136668722 109.92578273972 111.752053260519 117.435154147354 113.656770910006 106.048398437047 108.189249717883 158.05077516492 94.6599733495049 89.6303314051313 76.743778350343 154.918266817931 90.0878426167031 72.7940743594639 NA
"10" NA 95.0133858308749 88.6854256287886 72.7943666820261 120.40236079611 152.872521991906 83.4060558139348 138.817598975047 132.373121771587 134.128267487172 127.115690209317 110.914848029337 106.663382277492 99.2709880437946 102.260751963364 104.064260449396 106.140322562491 114.541276172735 123.882499694787 107.957002795805 90.9927151108687 181.919960274963 138.858799187268 81.5542022826061 150.352254904261 79.0597162784605 72.7943228288101 82.9654941129107 NA NA
"11" NA 166.441789253777 98.2790741582236 176.926574518205 111.040792954164 131.986391196101 104.432586000676 138.543774217006 152.212155888771 126.210882357988 101.986681395131 143.101245364344 122.881094429941 110.227409103481 99.2142259868436 101.894754066707 112.492451510442 122.536482349534 134.506116010172 124.510142995767 117.589220006154 95.2633469405876 117.346721726422 95.4220928551649 170.278811153623 85.9446661654223 141.690013941595 79.3897850261002 149.17133443965 NA
"12" 73.3173562335147 72.7913127139444 116.475131343455 88.2275800601989 90.9683128130284 88.0237156924372 100.412239969614 141.362682143551 124.181576192113 116.581137165148 116.266170449768 114.541683234877 115.697156417716 107.701254012032 101.273454952149 102.191579732719 111.290514727361 112.505055341772 120.036576027772 104.826152784894 130.895475669829 98.4330157613823 118.887944360716 122.837584214527 120.131933814582 116.819018194083 72.7942805681955 93.5117295275933 111.958332356262 106.22827053417
"13" 75.3629958847988 161.312417361537 92.005106764268 77.0328943208024 90.2147387165327 138.43951860123 138.057677501537 110.554544428118 120.818369231736 110.335026319359 106.966337055592 115.596591397667 120.039720960459 108.868450934694 106.208722705062 104.148354706671 113.593359079797 121.304369042365 118.416006492343 119.348379922292 100.099181513721 145.104945473818 121.093773227035 142.979816570368 125.383684044301 93.6697597617262 95.6584753845201 NA 166.4913211055 77.6498017854858
"14" NA 86.4689909829128 124.827967787734 84.3357784553266 118.813280456998 125.895713593642 128.060942191783 117.809655240281 113.798490553959 113.810089125763 135.743141365501 120.742798047961 127.838770643693 110.277893798276 109.743488861806 105.445225686643 111.677596449742 113.383305866343 113.105847867393 122.205295719035 122.670615070364 135.471949482599 115.607784273325 102.845090108495 146.176802933928 108.114827540074 98.0939279855891 NA 87.5333461560846 130.883121717429
"15" 99.179591306245 72.7943666639355 123.909321424454 125.826373488549 86.692265214689 116.289294765325 172.038823159894 94.2310628990219 127.175304284395 146.299524961973 131.360806584654 114.07119394994 104.661474190244 106.240786986178 111.7524122729 108.024969027926 115.275470968001 122.270321194043 115.569930177897 133.050833284054 128.683303487948 133.839862103344 101.110467205672 110.384926545179 107.770062806218 78.3523033053922 103.578371942894 90.1415818001379 72.7938796313607 143.477658973796
"16" 72.7943666656369 74.9108000427168 80.2020215155885 153.844184615932 104.59223267426 159.107274423958 112.997442431049 123.918068181577 109.986321077838 101.92857588742 120.246087223756 127.626284561445 110.809248250272 111.698024553775 112.862200160593 104.946602060455 111.278095056321 108.309996609994 110.432802907296 120.91379205527 106.409042593925 108.99543812613 104.230508873294 130.724068372535 108.632185311171 99.2703060320048 125.186748929913 103.051653597244 72.794302425436 80.653485440508
"17" 79.7099107889408 100.184775758463 99.9496774785375 100.727157426325 110.959348436939 112.47931844234 110.878180288378 143.228858462008 108.315593820306 135.1226337804 122.761008793659 111.303293031341 116.730102457029 106.333156133899 110.896302275383 116.428040024837 106.784361859043 110.27003784731 119.545956828741 114.720850269554 126.656378640436 145.311649384017 107.132688737385 86.1903861085728 123.593857893655 112.004785202983 72.7943666696416 148.32315914627 216.423884485285 90.1820817402883
"18" 73.590254911653 72.7943663277192 118.851908222282 116.519516175313 89.4262140738783 137.812869317482 132.755307228754 130.099073797116 142.10398799643 130.98604537798 123.092179331315 130.082454683571 111.977609000901 111.542423245936 108.154626770401 104.470984649038 116.768116579175 109.52187134497 108.677525847265 138.28743102513 143.255593019647 135.090812760384 120.883611743977 151.950728090816 88.8452537418718 149.501127976684 79.9715220889139 73.3331594548041 147.451395419444 77.7352308526733
"19" 72.7943666690848 NA 107.565528100076 87.9606873247668 128.832032456632 93.751174551197 89.4500288414885 128.338219329178 104.09197666168 105.584263455403 104.837141196629 127.074370171619 126.406858877535 103.698569678752 111.834509129031 111.237779518458 111.774962759818 122.291538052171 132.246941347721 100.736716810587 124.47326968525 108.814694615885 125.661040359656 96.5155776959993 100.593058528114 111.058983657797 105.009822257187 88.8588980017509 72.7943666781683 115.599407878757
"20" NA 94.5072807379995 75.9814273207006 139.092496005944 91.4488607813501 162.781533326473 131.413428263435 114.204384062496 93.3461278069021 110.334508405702 125.105930640529 107.780759165799 114.511072857069 116.472113476251 112.334516338594 108.364942850471 112.777344691376 123.33033873334 115.832025262201 127.645042651593 98.3760032028344 109.289316212445 135.638668765129 111.43961629997 113.253074138482 124.173932982172 106.250567254231 143.915578578124 72.7943666803647 NA
"21" NA NA 72.7943450801634 132.563905401146 107.80998249904 176.253284264809 149.240653565078 146.367342818507 115.137037298595 108.036565568428 100.51097941752 115.226788819008 120.980050317502 111.77111525471 102.820569032917 109.345849939289 113.699692809256 130.077638223557 109.674814150043 122.47294229026 134.184026332072 128.215465453886 113.575078812231 125.416838713737 105.528734448552 109.598293570222 120.09067993938 72.7943664354875 81.330661467885 NA
"22" NA 72.7943666600605 104.168154649095 95.3509854492819 104.588265661786 140.392882857436 159.191239575829 96.7196938708408 117.859829973908 112.948273610858 121.065321680786 129.716354934696 107.569406419244 110.71162589084 108.137326183271 107.201175700711 108.239476378595 107.333564178728 107.123688760204 129.996260054862 129.314998026299 131.825913678144 90.7408195235535 102.630658494079 90.9518657545282 81.1175334677462 110.382738102695 111.121581045945 118.679245103811 NA
"23" NA NA 122.442306198681 152.593255472421 74.4099554663507 120.835791268873 157.207454627488 101.674502985705 142.814716503286 100.798477494499 115.475824210922 107.876202259682 109.220755475617 115.617653048964 100.98703046876 103.720123151297 103.438828689272 104.85733522571 129.485474060592 110.633507679065 106.601099337253 102.839442267579 116.552698824421 142.726769919152 137.257339148188 139.509097815806 82.0002574039453 80.6394800577936 NA NA
"24" NA NA NA 123.454657496257 100.371944127465 118.260361318471 108.899271262071 126.390574064658 99.7181568398656 100.123778500972 115.150899633942 115.392245989143 107.884104037116 106.470474812699 104.003181622633 103.36554878139 123.770013779629 100.87263263966 101.503624680465 108.987478106163 160.217746783757 98.9005067840963 117.736319711209 116.172731442375 123.743810856649 102.626751643067 96.4859700189676 NA NA NA
"25" NA NA NA 73.4891916219873 72.8050772220021 80.5348595281939 155.456866791223 81.9927813148302 105.394759480046 117.028365987912 98.4795154657917 115.987894351726 111.206091741951 106.009341650081 116.723323179832 102.996463789211 107.46070658108 150.747274610473 131.454053216868 117.075584024825 124.138178808614 177.661716965652 105.968139765136 163.452425159117 112.093162969099 90.7842934741208 90.6498173775829 NA NA NA
"26" NA NA NA NA 93.310052241869 148.913417692221 104.567867200614 115.889889638537 155.747012719179 118.932682949244 120.428363854545 110.785373264638 123.531956204468 112.707689655042 109.669415418642 106.853803700344 113.924437438175 115.860981527131 110.671505405546 137.257595926334 152.529494725661 109.301561979627 99.9602914782663 136.143883434685 90.9688631786194 101.742891002774 NA NA NA NA
"27" NA NA NA NA NA 99.0390298498974 105.366538949626 184.38619479568 162.830680950935 113.768497524788 113.13676723779 97.5750742506937 120.188924934387 101.09290417549 109.308301612886 93.5955075347381 116.423101824894 131.062511638005 108.339109660257 103.775961006988 130.109888216421 98.868336777454 93.7538670229709 82.889284524951 94.738582034803 NA NA NA NA NA
"28" NA NA NA NA NA NA NA 115.721057382961 107.78672212708 141.407928391183 125.733349002123 111.424142876514 114.132425230319 109.264736964451 104.563289606362 103.675800953362 87.9788949766318 106.880775103467 102.396128207 127.423678612913 103.382336101193 95.6822768539247 135.911158785836 NA NA NA NA NA NA NA
"29" NA NA NA NA NA NA NA NA 97.3814629110387 109.647198717597 114.350209638103 104.733180392564 124.203507651634 116.458803573091 111.904369162004 105.481613712073 106.171836377206 101.550168776292 103.814804711658 120.546939974416 152.956304425771 116.044156540692 NA NA NA NA NA NA NA NA
"30" NA NA NA NA NA NA NA NA NA NA NA 128.568255553741 105.442955568587 110.299541204697 100.168023016501 97.2091997404643 93.8498164294971 102.998984150961 136.963195226906 NA NA NA NA NA NA NA NA NA NA NA
