"V1" "V2" "V3" "V4" "V5" "V6" "V7" "V8" "V9" "V10" "V11" "V12" "V13" "V14" "V15" "V16" "V17" "V18" "V19" "V20" "V21" "V22" "V23" "V24" "V25" "V26" "V27" "V28" "V29" "V30"
"1" NA NA NA NA NA NA NA NA NA NA NA -29.0146548556553 42.8963832731491 31.0597381435674 3.79717500791459 24.9844751249933 -6.85590827986001 -20.020634591691 2.19275006818733 NA NA NA NA NA NA NA NA NA NA NA
"2" NA NA NA NA NA NA NA NA -0.421128563900848 1.84751714144779 -0.945040766363382 -32.0421201577209 28.969487835253 12.5357349982037 22.6857423958671 -9.53900964496841 -1.76311942946478 -13.7978096846578 -18.2538908203997 26.9555016280471 25.4533321049055 13.6465418939075 NA NA NA NA NA NA NA NA
"3" NA NA NA NA NA NA NA -42.8571036001775 8.44722173772219 -8.41224256344258 17.2369884754068 -5.38077516652727 -16.359678638114 -10.5123261200711 9.26689916717836 5.10066359796291 5.40669780098357 3.94168578516641 -7.22120383980617 -7.2659852510687 -34.8129660570715 -71.4538758611415 -20.6535264896801 NA NA NA NA NA NA NA
"4" NA NA NA NA NA 39.0539502700571 40.0191419887423 37.2833420891351 25.5897702470839 57.7751994903077 9.5587143997888 3.7934170241519 1.56556134268344 -0.811701606992033 18.1280226672977 -28.0260092262556 -12.6193511533849 11.4854970750739 -38.6679191855553 -33.3228343369628 28.8395434761015 11.6369557175318 -37.6716863392605 -4.97787291967778 16.215928285796 NA NA NA NA NA
"5" NA NA NA NA 75.9242210407073 15.2408626757263 95.3683215597244 14.9564627729558 -0.625267413090452 3.86666143608953 -2.72788307211345 1.51458458458258 6.59505398275396 -16.0583913102936 17.7974398008182 4.21364199594416 7.70431958301456 -13.5610925099573 -17.4661282791999 1.26521174771354 -24.342574889949 -18.7673464127448 -4.30175642657654 -40.4816147737758 -32.9278325930439 -8.93361534756536 NA NA NA NA
"6" NA NA NA -50.4046925801761 87.9405897805275 26.3300165730332 1.93029265716926 95.7725945998922 4.03268826692051 6.00355743475274 61.9460463170151 1.81125643681687 57.1481821033862 -11.4304893053646 7.30156811549526 -16.7058024259349 26.4219215142804 3.80999633190646 -1.51956481682981 -2.89167853412429 -15.3409747166109 -4.1955587328242 -11.2502202191839 -48.4300798156389 -62.2851137869751 -59.866940167262 -21.0381763825106 NA NA NA
"7" NA NA NA 55.27062852321 86.1106918262338 42.7587123306133 34.124630686551 43.7578059441935 41.0625618120639 -19.9670180133024 17.7717912638467 10.1530391117394 -6.6879587431636 1.22222110368189 13.4026651914321 -7.97469966092955 9.66964497675261 -0.69549938268746 -7.50397737959144 18.1711979852416 -15.5464556715324 18.9545124108658 -38.5256326834787 17.9941992627305 -79.0015409176314 -65.7355884201347 -95.5175038530473 NA NA NA
"8" NA NA 57.509291053171 31.3336073693112 44.5845828994792 10.1862307516329 23.8489394206505 10.5810885425481 48.0589893969425 -18.8725038019694 -31.4236975804335 11.1288210978776 -5.2103029392735 14.817628457095 19.9822979022346 -0.333996017647697 6.30906774702778 4.84214344418652 -8.65750638574099 12.4124270257422 5.27911001384817 -0.39336182550932 -5.59132349956843 -89.4290033556486 -33.317777944636 -36.8255859823969 -59.887582619916 -35.9002527470227 NA NA
"9" NA 2.47066500692247 79.4209583877956 28.6334663840791 -7.61485655443838 26.4259357261061 34.7493046566401 50.4459349378437 33.3745846605079 34.6632019038622 -21.9902378757069 -11.5119878455753 26.0836918870554 -18.0030777285439 1.8142891246961 15.5982396807409 3.45338467105912 25.0093798417237 -28.228591593891 6.43239347260421 32.922988825357 -65.5629242040012 -56.4509459935972 -47.1983458574652 -4.7138658681346 -20.2300833677177 -86.4239500876183 -17.3226104875362 -57.5344539858143 NA
"10" NA 80.6642089069347 145.341469097819 130.430230920358 -48.733979688808 36.5987691169879 -7.45690361329222 18.0048227201322 11.2525060129362 8.68749136637234 3.20345617211121 -35.7987810510024 -37.047520963485 -17.8865998852258 30.0549553097223 14.5484688937602 -27.0089656760292 -13.8295767935832 27.8677639231187 -9.01856228708293 35.6992122669065 -31.0067299630631 -65.4934478809739 -131.76264022375 -15.5925921806612 -63.464976296755 -49.4577605942681 -25.9558400196931 -79.4169386463182 NA
"11" NA -48.1558100829197 -7.46495119412714 9.70887526863032 46.4338493929686 49.0830434605737 31.3504309826174 22.1979845939768 7.46059815192672 16.9600185434375 -31.5568856197599 -17.8725637908461 5.92465511973284 -2.12870911238506 0.288696361589827 -13.4050167880275 -24.155711530771 21.0285095636692 -20.4146713663188 1.91741869651205 25.7763707689703 -41.6618046388132 -30.477732797094 -51.6501052684748 -48.7214081980243 11.9570862764716 -18.9588206770486 8.97757079416345 -22.8016420142035 NA
"12" 33.9768382032442 -9.7055377715204 28.9393278050574 56.2597808155382 103.538735066577 37.2664711285652 87.5241449779455 20.09262921899 13.7459156667842 24.9692297021255 28.9094021399853 9.62137815184197 9.68797546509798 -3.5168483364777 -13.3786170666332 21.5462931235043 3.42069309034576 -21.0883375636194 -8.26190151972675 -8.89125006585994 5.8582250383402 -17.5418313670266 -12.2534378838146 44.9283379828418 -34.5991646432671 -41.6624897364484 -95.5197165815674 -78.9826219378899 -42.369889719648 -133.364865779786
"13" 46.5099696418362 62.0888813122276 17.5093288866328 14.2121083016004 45.2766065889059 21.2350239759579 68.8341541103632 51.7824218286645 42.5272385186891 39.6503517235173 15.5470459170473 16.0917165267559 17.9239731570638 9.97103719773109 -9.95401956534444 -2.26278052848204 -10.8694994994855 -1.6469020410086 34.7255968885438 -29.9900134540307 -7.24164567362294 -69.0876310041576 -2.77120395841303 -17.4978878732232 19.0114387931068 -9.78744399548333 -67.9947429094044 -49.1333759059509 -5.13884758717743 -135.60072943082
"14" 61.9357393574519 65.8932965552462 28.73883458516 101.019613867583 104.104944142293 72.2344414880783 1.52267460437766 28.3333575447268 39.1161339058694 11.9974376747469 12.6869952910731 24.6487109073864 6.92016466967833 -6.44107597488317 0.92881915124891 -9.16308402662322 2.08686910795163 -25.899461002529 2.25495013188448 -9.13945690841724 -27.6777266446892 -28.7035664731595 -35.7311138771907 -20.3150314323299 -36.9883523033808 14.5919791411695 -48.7970733064758 -108.91728262472 -102.380929231818 -96.3861157865665
"15" -24.3517764653533 55.8089490889236 36.7980430750969 60.8491958298038 25.8498976854296 138.433332697724 27.7723601367981 21.1637881226137 80.1800216471654 -4.23350259450529 17.2615224293658 -8.45460892173361 24.653759496081 -7.3545158204694 -1.09134688466502 0.929682974726539 -5.22173505698697 7.34428640443553 -5.76621005882436 -12.1604516325339 2.06380977776695 -14.9194692185783 -34.4578315113428 -126.820230740865 -13.0052181868035 -28.0603459020605 -170.445982253727 -90.166637652495 -36.0413049723831 31.668979307094
"16" 94.9296301487467 -7.14898655799904 27.925469961653 16.8598114382277 42.6007548815479 63.0227292516363 17.1663462572037 -28.3883274326869 40.7693306742432 3.51866918404902 9.98357039254292 18.6774638559119 14.2747569288574 15.8709839042119 -3.13126958635389 9.10220319860704 18.2351679486304 -10.0359737614887 22.4920302622318 -22.0594704906339 -11.2521021677336 11.0668034526386 -8.3249560165205 -24.7919698607751 -35.313500267028 -24.0695287638933 -35.8208081585323 30.262536190084 -104.637919155882 -84.3884962843169
"17" -73.6357530761067 31.9669166643747 65.1895423471814 21.7517733087456 11.2694924594374 85.3120525678449 30.7074567514268 10.6460832088695 34.0010370027802 -18.3273505424327 32.6182664836289 -11.5088784763718 -1.11099919990397 10.233919939226 20.8454274277375 2.52886211877969 6.2554617303845 10.0456446789294 -5.57067010405989 -34.5868001409645 -3.94452448603251 -43.0121054735562 -46.7503485531051 -18.8587509288042 -83.635164511381 -60.508468956521 -125.326797433297 -82.8504237242381 -162.552159673256 -1.86360878766918
"18" 61.2260064730151 17.8191809456603 21.6762842717949 65.4479103924518 77.936052983427 -10.4653605677206 53.9385613441616 37.2010186123125 1.8436413863359 71.6559121296641 10.2817581040911 22.2315568618766 26.1670596567147 28.6348285925622 0.0121791532284562 2.28225880195302 -4.50321862619812 6.22552567937247 -2.59061633633277 14.7668221484172 -22.1452075332519 -37.9389322530719 10.9302786355813 24.0724370024987 -29.1228805729072 -46.3208793455674 -100.197081276518 -69.8935441051411 -82.4693104296262 -58.3608995308969
"19" 89.0317890924741 -45.6169598372767 -4.56151868520956 130.569588850951 75.3125085034668 14.0757280522326 14.5713312534457 45.3858040758709 -2.69902594354399 -11.2955176127501 -21.5270985798866 -9.09402528709756 30.0610293856876 23.6066426502753 0.841959502387188 0.609247072536944 3.30676130571793 12.7987638484478 -16.6173803343391 7.25557049181879 5.30973834439739 -5.19405547858032 -14.3099209619858 -2.01132530664826 -11.4356347440436 -115.882850851745 -37.2637949172638 -62.5105810063716 -75.8220779013427 27.8885282728032
"20" NA 27.7802326744308 -5.49433162158649 22.902272679448 87.7364066117617 16.1132810388436 -28.4622285376014 26.2160802654303 -7.38263478008955 37.2028538663111 15.5279054794397 -10.7321383829763 13.7318295099913 9.39885944350903 8.53718524022883 5.64819902385805 7.94747235279537 -7.18112532747456 17.6316365455327 -9.45162506435206 -38.6590775409344 -41.3664255022871 -24.9787348602218 3.01461031345781 -5.44080820654684 -65.1401977024838 -43.9440694415764 -8.76444502623394 -35.739756807478 NA
"21" NA 9.95210182008235 106.584105983788 53.8128704814261 40.1218384949341 39.5622536925102 36.2513765793641 -10.2745920246436 10.966271680312 31.8386296287129 19.7842008893421 -40.4921313312191 13.451246096533 11.2315421665852 -16.5405449683821 -1.27002286069908 -23.3218848854738 4.19227112962462 -7.43003899332687 15.1392377390878 -12.6793104655132 -42.4242741732119 -44.6986007953392 -4.98598687457045 -88.7955649926573 -15.265390402897 75.584008343704 -107.868942912997 -24.2109008383219 NA
"22" NA 46.7955367604554 44.8801755813189 55.1780831534749 6.89781090880944 27.7894655130081 68.558509500778 -1.20502423808216 45.1707148425291 -26.9445092497762 34.5081746611884 39.5137056799605 -3.36334756654068 -21.3623594024866 1.33514838048719 2.8001434260218 -8.35611518397861 15.3781164073434 1.29661992922825 24.4130129929476 33.7302589469638 -36.2396146815113 18.2674778306783 -43.4302093090892 -96.3022648567224 -9.31806452676584 -77.8976408420532 -6.59226915733385 -79.5591878354877 NA
"23" NA NA 118.7316927809 3.81258497576551 60.8208029746367 95.9650895294647 50.9193090395437 38.9713953808534 10.4976676835181 -24.0040513544852 46.8524597879894 25.3018955376813 21.7968551651515 -16.3183370630757 14.4129709722976 -2.96033860254635 27.7370971838503 27.1642175891126 -0.800350600403167 -27.430633422407 -8.22332844846141 -32.8846797547367 -102.797980081475 -99.3091290926273 -62.8010052170946 11.0774553641742 -10.780988205178 -61.3449897039193 NA NA
"24" NA NA NA -36.464581322663 93.0590319314865 26.356068382518 10.9013088398137 -7.95696387800145 -41.5679886534138 -8.52469430283068 20.113454231951 1.17917522858959 14.3125884293357 -11.2231873379191 -15.953154769808 -26.0239101584353 31.4451846939751 -15.8818983109947 4.29128678106745 -9.88724676257608 9.59623239451695 -8.11275995318667 -37.8246793676468 -46.8825550995907 -76.8235057101111 -63.8108000777185 -55.702955151155 NA NA NA
"25" NA NA NA 50.3689227472542 127.472607500045 1.11389553143373 25.1909490885433 35.4356331141359 19.657907414479 -25.7074727903695 -21.9784393643518 7.54069776534635 24.2542035444026 7.95720409027929 -6.23910798124285 15.2703598496069 5.35810815436538 -23.5843463494496 -71.1793478870603 -12.6631736039117 29.5681960991096 -42.4399414941858 -4.1165575843313 -34.0288133969081 -2.03610191212671 -25.6833360242922 -25.5564041842457 NA NA NA
"26" NA NA NA NA 22.0072222631344 25.6503652633442 32.7927218956463 49.059786312527 45.4698080382276 17.0546014189575 14.02652239647 -31.5496056449321 -23.2360059133676 29.2752646577296 -3.37465546194823 -10.8850231501381 15.0840793367571 -6.18038443541637 -18.3927825100159 -11.5199376873926 -21.850062417096 -50.0589460566686 7.14362707491085 -59.0708281061829 -26.4289828204514 -35.6873419695686 NA NA NA NA
"27" NA NA NA NA NA 56.9009224853064 25.2094772581771 35.885053791169 1.12709759127993 33.3925442232071 -23.6162748775645 -4.25756039787283 -61.7827619749312 -4.1830447730259 0.299750877431617 -5.93039439665314 -26.0521103465327 -7.99488900536315 -21.1395677932951 18.3908478751684 -19.6650937833221 -14.4772216667951 -31.2584105227228 -35.5616761440845 -57.4385608300022 NA NA NA NA NA
"28" NA NA NA NA NA NA NA 9.443777035602 -13.9056441870717 -11.0078894428997 -5.4621530069705 17.3486624262339 4.75051756054294 -10.1919684096398 5.34097816263027 10.7335142192941 -15.7898906042469 -4.9394306137306 -27.030472492618 9.43818856319382 1.45881961872889 -52.120306843787 -37.8110935565022 NA NA NA NA NA NA NA
"29" NA NA NA NA NA NA NA NA 114.389356418029 -45.943321953752 15.5823879207687 8.57968550131431 27.1729413765225 -27.4088363340405 -9.05421202531614 -28.4321843473626 -31.7212732126955 -11.1215074514892 -32.6446673956206 23.5701798907886 -48.2613449728259 -46.4265631717386 NA NA NA NA NA NA NA NA
"30" NA NA NA NA NA NA NA NA NA NA NA 52.0675546259125 -3.47096203854411 -29.5628015182221 18.1995429850906 -5.86354097903747 -23.89030761068 13.6023358489796 -4.01325220580145 NA NA NA NA NA NA NA NA NA NA NA
