"V1" "V2" "V3" "V4" "V5" "V6" "V7" "V8" "V9" "V10" "V11" "V12" "V13" "V14" "V15" "V16" "V17" "V18" "V19" "V20" "V21" "V22" "V23" "V24" "V25" "V26" "V27" "V28" "V29" "V30"
"1" NA NA NA NA NA NA NA NA NA NA NA 53.2254340166767 88.4798518879309 57.3259820205066 73.2180518712631 92.2126733274136 73.2137154388385 34.9501051134797 85.163395122467 NA NA NA NA NA NA NA NA NA NA NA
"2" NA NA NA NA NA NA NA NA 29.4811215269419 72.1673513129028 53.6379280870565 73.4844579448189 80.4920965498803 97.3297459658688 79.3003212939863 83.0723060956912 72.8532632528244 51.6105274925148 50.3029954386708 82.4995632766056 40.1014479054716 55.367065495563 NA NA NA NA NA NA NA NA
"3" NA NA NA NA NA NA NA 71.2733615199563 34.3132141797689 81.3170224043309 61.361671347508 24.8962131223339 71.6918581281393 67.1816940187306 66.3154371934373 48.0777344485827 53.1557181556051 77.6861642743141 50.8369805142225 88.8127268589837 38.2242926743263 66.1688689114155 15.4662954622566 NA NA NA NA NA NA NA
"4" NA NA NA NA NA 49.8918868598065 12.6357172149309 -35.0699609335034 44.3349751942118 55.301558631417 24.2966676392114 100.399974960048 78.5449988473372 59.8572499779931 43.0761880418368 26.455133567674 39.7248012448526 26.309018333914 62.6451309422829 64.8897335042729 26.8494981189969 54.8109370732707 125.507911629891 59.3477598638248 87.8513123703956 NA NA NA NA NA
"5" NA NA NA NA 61.4792020592753 40.2058380182952 -0.961607715897827 -54.7683863873303 72.9662186112134 64.2672704143753 21.6620302685117 62.3174143814613 26.5507194459986 47.6087480121856 44.9867084635025 43.8421604137156 43.6950789083985 65.4633113338245 18.2935104024947 35.9953108720471 33.5899242969287 27.6099548080122 65.0068237518426 NA 116.492581203757 36.8782415128812 NA NA NA NA
"6" NA NA NA -111.947632580644 124.201534208261 -66.7965265073085 3.87571517278932 62.4973635261944 31.4425173970884 13.0782583014948 59.2410739645662 51.4385287289112 63.7766135380744 48.5596116303429 46.5819256954439 51.3613418882827 68.0580320814109 79.8305231106445 25.6599461576151 40.8410777751205 12.4152124935547 83.3362248029271 66.6913133804459 108.07468781653 -11.0890541675089 72.9762950798231 10.6773093913455 NA NA NA
"7" NA NA NA -31.8929256294677 50.3216637115543 37.5603050990299 116.591335446365 29.1716253230432 90.6994861496863 70.1081054812778 46.1905746576769 65.301389313725 71.9710626209569 54.8306219952711 39.8937171150014 54.2320480190866 36.7250307984365 81.5690640077151 26.8421710291625 25.1202929404927 35.1427380717557 -18.8294962472874 -33.8770107712132 30.0978486943811 20.2381742964457 69.9728291516179 87.7358424967628 NA NA NA
"8" NA NA -28.8277915020843 -111.349883549327 NA NA 18.775763546302 -63.6231884878578 22.9398505316494 25.0845230787481 33.8639570085403 30.6810943732568 18.2475720963158 54.903409124965 44.2071427637813 51.0062367751371 36.92579719628 49.4611537783594 57.8913426377905 27.9810949675308 41.9288781573693 12.1579427820046 -4.41270355307675 22.8839153624643 46.6134528789098 13.3074123281581 24.1479142356889 -13.1016129154883 NA NA
"9" NA 105.61953910859 -96.6953321824396 2.63761272141319 83.7161786990765 19.9972741890629 62.5166260135038 33.9230213100366 0.615991765694772 16.9587540745683 46.000882613389 66.984396699112 25.5026015541544 33.514334201783 50.1082583434842 44.8841923262197 29.1404847937805 32.5926077509023 24.5971050038977 47.5439510430198 8.46228864415054 -5.93677601422094 41.7024072293616 21.6574484665585 70.9765951353608 2.81849024229267 -42.5129430396823 167.474634748838 -88.2413192079661 NA
"10" NA NA 0.487245977128338 111.895427273133 22.2743647147653 27.9624366401667 16.4369874840679 55.3524913754979 18.3117546780402 35.9709963448668 32.6963388806 33.4537879636013 32.9403897233905 29.3936710787738 14.9414104613822 54.4559930792279 10.6526850540603 44.6642625971465 18.2608314623379 24.5407271721337 6.23286997879512 92.2023794418469 -39.6750630074816 -2.36897479925196 -37.7794922926896 19.4614034636438 -94.0262856711748 91.6053431069205 129.061378838569 NA
"11" NA -136.838980182951 -14.5295123608339 -28.6585890815219 -15.0431065828618 -25.4911344234827 43.8008572248476 47.6801054117519 26.1856375468007 12.2768770615091 21.7929778998815 25.6399481187386 18.5797415320063 27.8365652039014 25.8396931900396 26.8921165458136 39.5929861459911 34.3319315087423 70.2425912132114 54.478449423569 92.1310726859228 5.70908601918886 7.09836920939162 5.74670810736726 -8.5888063995055 23.8743157244722 65.0062913096419 12.2803497708324 NA NA
"12" NA -65.7807465635137 41.797388019505 16.9423595980503 -8.73108407665931 29.6866363308245 60.4437455128034 57.5742429001199 -29.2592893192569 22.7584829114762 18.3332564809975 3.61113487204939 -7.97306851171448 18.1818112514926 15.2037246515811 12.5112273516367 51.620076374232 39.8461783922341 47.1303679756959 4.97668636675827 23.7259286001809 23.3148597847635 57.1275500432542 22.1048208515377 -129.747584529637 9.18058607334031 -10.2974260494414 60.1359168882307 -38.7772286193912 -143.542029493235
"13" 211.985566047694 -26.9245737617497 124.902089820254 -27.7032923499271 96.5303313402832 -45.4078210257631 69.6878063210817 -63.8900557122439 42.0954019899922 14.6212218559576 35.7417948571813 -14.8796830361269 17.5496007861616 15.7874626550724 8.41023095312061 24.108036307871 7.30194129974798 27.94159496033 1.60927849090836 29.7990170895533 -10.4279403450796 30.3497002445679 55.1841239101524 40.6382787170708 67.8660665616697 -13.0200174516058 -19.6847628882097 9.71897760682772 9.7374581859912 -27.235017744353
"14" 72.5470302364831 -36.4492258889311 -32.3354372221891 -45.0095788279882 37.0323821572521 6.39218788359788 -59.888794278887 9.29380069909272 0.842439624625625 4.71214269906967 13.5604849786173 38.474468366921 3.57016951254534 8.21072059589758 7.56902551564749 10.9839271804875 -0.3008991446993 8.4886695771588 23.4309250332252 14.4984132927788 17.2816430765885 0.404358597746784 52.5968634583954 -20.1499756304436 90.2888362129565 11.2686726516458 -60.9699922958377 -79.5409986341706 -33.5293718697101 NA
"15" -24.2260250196249 94.6084369590253 NA 5.6393186733497 42.7654261343658 31.6962833472868 -5.60334688639653 -41.7343870048419 -79.1686743607478 -67.090425082752 25.732336812197 -7.99999588583766 10.996857971584 -7.99519804852403 7.1296762509003 0.466601188092008 16.3409962924706 -2.04324507943173 7.15849773466355 -24.9908856748157 -21.2677704561615 24.503034711048 -68.5547685421269 43.1288238409848 245.855853274022 6.16610259476069 184.14271099734 -8.00978938027161 NA -93.8696520872468
"16" -53.6035822660981 -1.51230926765855 -14.9290559816164 115.912490268352 20.1851676216105 -51.606409410651 -42.3794514275727 -23.3512681945383 -2.73058708088101 4.85271617121131 -27.522075949109 -0.835833486843463 30.2493690750709 11.5439398821745 1.37622688326484 -10.0624627756056 7.57878556015365 -0.957043666131314 0.711183085616218 -48.2582152228775 4.06093765073963 19.0276997970649 12.0158118390199 55.1110138335803 27.2599533058882 -44.6094474681715 46.5669031409631 -46.1308023328294 -101.913182001705 NA
"17" 69.1781469806123 -68.603854943148 33.9893956409481 74.2607093002276 59.7655442449452 -40.976595160338 98.3902754536087 20.4978994158428 4.69040187666047 -10.6590190151522 -19.2610723690532 -19.1218021903887 -28.4357107922151 -9.14234412350964 -19.127980998434 -18.2066960906322 -12.355550082353 12.757884325312 9.2799080214693 -7.04845039282572 -4.88467674312753 39.3471450749083 -27.3146533165258 67.5145509110469 -11.095075758863 NA 2.68501426348298 13.3265001205467 -55.096528730126 NA
"18" 108.013662868696 194.846512097864 -127.517718124754 48.4074501556484 22.8246238058093 147.724663478833 18.1159916701031 -26.0803255556962 -36.4890148606745 -23.1384780959851 -49.3020253066608 -5.12758270087295 9.19830546139165 -27.1331727918341 -13.1369497262466 -32.4306156655 -18.483208987151 -21.4241286180366 -7.84554599030776 21.0724597317454 -4.53454196134991 -30.8882473523992 -26.8040425842937 -94.7508692849814 -9.18830100932602 0.862198841973629 -13.9247746369024 -13.224342887592 77.385760011041 -44.9811471843452
"19" NA -115.950543453105 -6.68482682933065 NA NA -49.7671736029327 -2.83012412584638 -18.2966505027739 -59.3011122547514 -33.0659175794238 -48.8856677364587 5.8215100714471 -28.1197697361597 -19.3760994430672 -38.3201244066261 -10.3050314385951 -18.7729986543053 -18.1074094277089 -27.0846896396304 -16.8386039264537 -11.6639279850842 -50.6567551413877 -39.6180115642827 -59.1552385913723 72.3190956363724 -18.2079522470738 28.5219519831847 NA -5.19517921292582 51.5203919446338
"20" NA -150.855656613901 -73.9535126276144 -2.58977099453285 -2.15115021570397 -29.7248964183216 5.86646374318386 -83.2389757045184 33.5266791505827 -60.1968511752739 -25.1053645689762 -43.3067104998032 -26.6092186257734 -37.4484125999352 -27.0096336497268 -44.8432254010547 -28.6818744230365 -40.4611745198688 -37.5590132388279 -4.94992536010316 -4.68057472576333 25.1564134096839 -41.9547454412577 -36.8834118163187 -92.7771532341455 -58.8756288031372 199.038312001798 -38.1285838498609 6.07942586774678 NA
"21" NA 9.90612838007013 7.63255914200412 -115.200921736599 -9.77256953295207 -96.7550425009064 -1.43681246223607 9.58573644162441 -5.68830321160085 -52.350996555911 -22.2371586793042 -13.9415782172594 -46.3578659113664 -34.5704457766166 -42.6077115173584 -59.3971727325206 -32.6913177275934 -35.9949529179605 -29.9717640450752 5.27740586697983 -31.1527230545076 33.2183058914471 -23.19748249197 -52.6786181379536 -13.6391062171593 -137.89851871688 -113.935425885921 31.4723897985112 37.3971065104408 NA
"22" NA -103.078244128401 -95.8522023646338 -100.623773827999 -54.728502812345 -90.409420697379 -9.65925223584893 -49.9432957832599 -75.4176048792934 -58.8444937931254 -52.2684230477653 -35.5756368652245 -15.1719767256303 -52.6523922910435 -32.0993221478972 -43.5562776983245 -24.5027907846332 -57.8866529260083 -8.74269956273675 -58.6575609527174 -16.6349001952612 -14.452920048546 32.592112274312 -105.107166592016 -8.92707749394924 -17.2779493291367 48.5524812781119 4.7742361793109 -86.8603941910783 NA
"23" NA NA -58.9834901523416 7.33588213235838 81.7235881805274 0.2117103315357 -62.7950269727726 -18.8694194484814 -22.4562396998736 -77.6032338642247 -27.3325064496678 -32.5951283406482 -55.8832159568887 -20.3393796280839 -29.6084829199292 -27.6689536095372 -36.8332675695954 -29.031284115666 -24.8866100437499 -25.3157937889202 -45.2427097867982 -11.5534112114695 37.8962253503938 -38.7863803640957 -56.1601817547881 -116.01945049212 56.6555298888929 14.043955548064 NA NA
"24" NA NA NA 184.986458274422 -106.967715118054 -128.388892980949 -29.6807702092066 -93.3411844070467 -81.4580232851154 -58.5218949173724 -29.2015716240444 -58.3668581844211 -55.8288171287117 -32.8789044585035 -58.927842266611 -30.5373989369916 -51.4592070090485 -57.2856955312556 -48.9278963908807 -67.6381097762877 -46.1694600666369 -79.8878983506217 -34.7350803120536 -8.48105919194637 -75.0648413336723 -119.948841581944 -54.4788804858097 NA NA NA
"25" NA NA NA -109.604321194133 -35.4278299361737 -46.3966532297518 -43.1481028518449 -48.0401833027994 -100.274462853334 -54.5511555805483 -48.2802139989306 -53.2300209390707 -79.2887214779317 -69.6197282958706 -48.3436398847508 -69.4967698964392 -46.120873214184 -49.9184398042717 -51.8621179774197 -55.2666494615604 -46.734746004398 -33.5965601706736 -37.3439551155168 13.7409174348073 -71.8911933220412 -57.5432391572736 -152.943695288354 NA NA NA
"26" NA NA NA NA -103.612856533362 -77.650258602677 -7.26182573005667 -88.5075101630837 -74.957082762174 -64.6686562817859 -77.3328699106937 -67.9322213465834 -62.1804460145965 -55.0696630362924 -84.7506211822586 -24.5114418177324 -48.1481228810776 -59.079888967466 -45.141408895117 -91.1686499539832 -56.7156122032639 -10.4377172773367 -66.7785740547415 9.04918257937816 -36.3871273396444 -22.4844407069995 NA NA NA NA
"27" NA NA NA NA NA -149.226986555463 -73.5463312594168 -6.808051556916 -64.8638646111888 -80.8992914432951 -29.5587281498709 -51.8016815954353 -83.1876517216004 -105.531689685335 -68.1011029968009 -42.9493749563681 -47.3499887838617 -56.9820445726821 -37.7494827452514 -36.5165980303459 -69.2085307601157 -30.7045655758193 -63.5894013128953 14.7962032470084 -138.028535639245 NA NA NA NA NA
"28" NA NA NA NA NA NA NA -88.3458047049888 -28.651947827948 -92.3806286089598 -97.5583434993656 -59.3616008445228 -72.4172496395804 -64.1250932851342 -58.0782977638945 -65.2454111255873 -78.8776636749913 -58.5075212337726 -46.7903606575332 -47.2441098863277 -49.1513563299029 -70.7896508598011 -104.111498737392 NA NA NA NA NA NA NA
"29" NA NA NA NA NA NA NA NA -82.8887163649103 -59.4741370384475 -39.4114444844643 -88.0141733200811 -55.8572568877182 -72.3279222857726 -43.1746255711227 -57.372781693808 -68.2236751367588 -36.51457214192 -69.1698881697552 -51.4491178991621 -121.719278200366 -108.214909090119 NA NA NA NA NA NA NA NA
"30" NA NA NA NA NA NA NA NA NA NA NA -72.4999184998778 -111.824672344026 -64.6611745190705 -55.6777285713842 -61.2607372189122 -30.5337029667376 -77.9258912139362 -52.1340879834452 NA NA NA NA NA NA NA NA NA NA NA
