"V1" "V2" "V3" "V4" "V5" "V6" "V7" "V8" "V9" "V10" "V11" "V12" "V13" "V14" "V15" "V16" "V17" "V18" "V19" "V20" "V21" "V22" "V23" "V24" "V25" "V26" "V27" "V28" "V29" "V30"
"1" NA NA NA NA NA NA NA NA NA NA NA -31.8071408078403 -66.12257708604 -100.660472228439 -55.245281504906 -72.7427168606447 -78.9933716201838 -80.0645562310793 -83.8221178565608 NA NA NA NA NA NA NA NA NA NA NA
"2" NA NA NA NA NA NA NA NA -48.7058289696527 -87.4257383000149 -30.8245887108388 -69.1799760896833 -62.2219832345521 -64.3035563955945 -100.021798559276 -91.4992886311055 -79.3880628389894 -63.704963059876 -79.8086332710344 -70.9557226226878 -27.0218955522953 -52.9462899486899 NA NA NA NA NA NA NA NA
"3" NA NA NA NA NA NA NA -46.6326645939842 -83.6731811487484 -20.4206898128494 -3.13222283647333 -77.3651767772916 -63.7479173800128 -71.5711207870988 -70.4156189143863 -85.0171470968949 -79.093089325542 -28.2169180025555 -34.8877715893944 -51.981047015823 -38.0156027368489 190.547633189937 -8.95307065275134 NA NA NA NA NA NA NA
"4" NA NA NA NA NA -13.5668689163514 23.4321088683335 -0.0964973154534058 -89.5722650241593 -36.9929271462123 -65.4070605397096 -72.5007007689939 -49.6417479384338 -71.9699352539183 -88.4948472178533 -52.3187184554514 -33.4202426562894 -89.0019710843558 -52.173100960321 -30.4683637696581 -14.8329048432515 13.0082696975117 -36.4299618251413 -67.1472140713523 -52.943758857632 NA NA NA NA NA
"5" NA NA NA NA -36.0545455829318 -42.2110378235528 -93.3593145083972 -98.7490299674597 -70.9419517397325 -66.6520326266222 -53.2701229199335 -78.3593152759274 -80.550056769117 -41.1079835280267 -70.6774695054864 -45.978696907097 -97.3605343719743 -46.6343498365832 -35.6787744095749 -32.2989536927253 -27.109333959978 -79.1270150321397 -52.7213641436267 -8.29873640085861 -28.0098795591954 NA NA NA NA NA
"6" NA NA NA -54.9043731560794 -11.3780545587996 19.756551352756 -48.008657079308 -37.9198794729747 10.4739614211654 -37.9439256439134 -55.4567144872228 -14.2440064482608 -72.7430909828355 -67.1336028945741 -60.1781838099655 -84.8929211440337 -62.9955712983881 -57.0495185906329 -64.6136239921486 -53.0181897472591 -36.171443814417 17.1732179040997 -30.2306973599884 81.1681157290883 -25.1520369318189 -92.3711916813918 -44.7189375913438 NA NA NA
"7" NA NA NA -76.0623952597081 -57.0449731433906 -74.7417348279413 -77.725363150295 -29.8835656553026 -36.1598781394601 -42.6209987216391 -55.0136390904635 -23.0983188052251 -61.2019639636523 -63.8143647373646 -62.6785157105559 -70.7582011233319 -70.9820486690179 -55.6764255335397 -32.3462574601534 -30.6527230371066 -0.223452239826213 -40.2840807880697 39.9514221327092 -32.9394596522419 -35.30087704127 -47.6058342395436 -31.6846359124123 NA NA NA
"8" NA NA -79.2807406247695 -5.71582321518333 -15.3905815245963 NA -54.1574223704568 -33.2920243109339 -33.3444880519393 -35.7047734971553 -58.7966876886586 -61.7196197961346 -77.5442145709648 -65.0255747093024 -51.7320200370781 -57.1135650600966 -67.5356745531005 -28.4158476735698 -25.998265734837 -44.4223382686618 -31.193915408536 -49.1063281003744 -24.0488086226083 -51.6816643627214 -47.014958446172 -6.63509927833271 NA -40.7459866168066 NA NA
"9" NA NA -16.4151157972745 -13.2607355661263 -35.8595020243406 -12.0990551393669 -52.3009483138418 -62.878307032417 -12.4447274259929 -49.9817278775746 -39.6139497427215 -36.4584296673119 -21.7584155055813 -54.0985761866528 -34.7208586888373 -39.3729669607782 -44.1317867764237 -29.449100893331 -47.5666314917523 -51.5131171394782 -27.1345771178928 -34.6782723054295 -9.39641655501072 4.14401717686589 82.9028493755348 46.8484333212174 -33.3767768708436 30.5725087127019 106.94883984163 NA
"10" NA 42.6771180456511 NA -55.7842794766585 -38.2765132540152 -67.5478333217923 -52.1939839050395 -21.8064443271284 -101.596531757782 24.9630971594579 -13.1022489672823 -42.0951375434805 -53.7532167578194 -58.7047207898784 -46.8461635257622 -42.8780308958105 -39.8429229470408 -21.0627238927965 -32.2566829066017 16.2967720362076 -32.236302772841 -15.8073290756412 22.8701960030715 -50.1057399956929 17.2093545659693 -97.9505601732437 -43.9372015897032 144.905292627016 NA NA
"11" NA -38.1947547768509 -23.4799814323797 NA -36.8293769548619 46.4859937280097 5.96397285484955 18.3602291324437 -24.3478273146105 -42.6400981577342 -35.723590426023 -40.7271442934593 -45.0260155756588 -40.84126738394 -43.993200777187 -60.6615867893623 -47.1030655317658 -35.1900777300244 -36.2268348578259 -36.2557731470618 -19.0883338436756 -19.4609911519953 10.2409460552909 -59.3222847619966 -53.3064157889461 -32.920548737164 67.0518673397346 -9.75206220507766 -22.7982292664107 NA
"12" NA NA 93.2044552378156 73.3339867073115 56.8296451498179 17.7569426134852 -23.9343145975345 10.4834968481667 11.3112390041661 -79.0407351579267 -28.6150086153239 -25.5895795512428 -21.395931962592 -29.9465776918928 -32.4381377603676 -30.1384423679187 -51.2034665693363 6.95749534766955 -30.7580188974621 -28.7385071383115 -28.1686901308562 -34.4911226874932 57.2267521616863 30.585414100167 30.6141239739478 -139.099979256155 29.3155651369981 41.0656433403792 NA NA
"13" -36.2535885974229 NA NA NA 22.0081158654056 -28.2702564718535 -20.1225318479912 -5.56438785495048 -8.66379034644654 -32.2605578218912 -26.4337594506163 -29.6720646329228 -9.92573672213518 -6.06897461354994 -15.8074665681285 -10.3135394896366 -15.4023731786514 -11.022411709781 -22.095230587061 -41.2373366734807 -9.33545964458415 -18.2038741262235 -8.93983273482071 -68.6177728698879 96.1621925209614 -8.07617350338753 32.4245921434165 65.572631191746 5.79554097454109 -43.1060790208515
"14" 10.9639449150628 -101.194726144322 NA -50.2396555418076 -54.5832914962829 -53.9289553148866 -6.98098024384419 NA -21.4846217054547 30.1342042269616 -2.12220228651267 6.84199027068091 -4.77339192457134 5.98627165447371 -11.7669393335077 -28.7098500304869 -10.4631270741923 3.85380040671558 -7.15747303274076 -22.3082168013417 -49.4352043766365 19.3892982802727 -35.3628762169737 -21.1260354250326 -12.0702160450441 73.5837358742844 7.37611660344414 51.6524008386457 109.945193250472 -30.8036004631603
"15" -36.8577855548103 -3.32055511896455 -26.6645708907797 5.08665958383481 16.116813339322 25.0657919696923 13.719796667392 1.62489203035585 43.3169510917961 30.9152611972104 12.6989277043699 12.2915101116307 -2.46632175821889 -5.435060636312 -15.2325000389452 -6.9447591192439 -14.3485247615452 -5.69055948306309 -11.2412304018408 -23.9871267174192 0.461340521017781 9.20443792809007 -37.2506822524266 -17.3140241556253 -2.44798496694413 24.0847897394105 59.7271455815952 43.4254579312429 -102.998346119588 NA
"16" NA 5.35613921416205 -18.5768477746628 -29.9332656840398 26.5172414527112 -14.4058500790651 -27.1079269565807 12.0106664882027 23.2014727228055 4.66985372817347 -39.7820550791157 -20.0280384527693 -2.05298417809501 -3.5973837759846 -2.81528670516808 25.1708777544722 7.92994440123957 18.3952161436849 10.7888629320397 16.6888038490165 -14.7939897532311 -2.00689815030429 36.3467762888886 27.4099581739843 19.849407767342 -80.522864633747 NA 11.891155265515 -33.6418396751173 NA
"17" 64.282882019597 NA 33.4169449710325 -74.5612291045855 -35.2198150432163 -52.7989353577753 12.0644379950166 54.4413860068618 20.6833460737807 -17.6532013357407 -24.2063655942812 8.27094371196859 11.8654126415446 17.1156440014087 16.3453650841623 26.4995932124608 25.3994811362576 -19.8506937258137 31.7294803838049 1.11563449850948 -19.818794150631 24.7624745312018 -36.6764666263395 NA -78.6404960199994 -3.31020343088754 15.9478626157707 -34.9146638019727 -3.33641877413629 -5.53654738472283
"18" -23.2570281998811 -42.6275462097884 25.9119519943405 21.697555785317 47.7193994028039 6.55191052215258 -103.722327454684 -52.0873102471042 0.588747049579637 28.0933121642712 40.6890875857994 -9.19732891454428 4.33469112050582 3.30511311009384 19.3758283777412 25.0997227757811 34.8231350433472 14.6023974055216 53.1064923696503 -10.7222902889659 37.0100668162281 8.76265687614252 57.9588738948974 54.922771819567 1.68540307911298 15.3559728902315 88.9068073441614 38.1366908263345 30.3989279242388 NA
"19" -96.4080960121087 NA 63.1156215369229 23.5959852460879 -26.9484791058786 21.068533696783 -0.647048461264259 12.3813183226411 39.4168248340296 48.3130696309766 20.4723564586403 13.8612760079802 23.7496389826202 17.2640042094323 38.6315009452987 21.6444536115234 18.6948827273556 17.0200793747503 10.7373595114738 22.8655299242796 21.9418789990488 51.3727004541698 -9.50562586877045 82.1722699725737 35.6985285903378 -19.3538283803543 42.3516685307591 25.4020519278583 -27.1813823648187 109.35218938006
"20" NA NA 40.8742302187116 53.5120909251572 -15.9990268888984 -21.1227586296815 -30.6843314134565 11.1743680303397 -5.50687267448705 68.2822850741189 1.78756593261065 27.2178143214611 40.0435958161921 22.7749817317086 51.006799341413 37.504157436921 16.9743553642277 51.152430409679 18.3349370647812 37.342319475302 31.0757235682705 73.4972586942358 -30.6920700041421 54.2961688735889 -62.0841317454204 -13.4720728968871 7.08264808797182 NA -44.7230398886981 NA
"21" NA NA NA 24.7330710394029 21.5056139972729 55.8343411751228 10.2299514084954 -4.89984521582878 36.74053603808 14.3549196600849 35.128624199498 59.0705364461362 56.0619035385973 47.0757129794514 47.4055855209129 60.5188214019542 49.2349150403604 39.9308564226311 18.1716625773339 1.35607321310635 25.0420312247216 30.3225002460591 18.7916282584274 28.0501229768583 3.15179682651892 -10.8617880712357 -8.83843422129786 -36.8555442028841 -24.6081377956181 NA
"22" NA 7.4808989259893 -2.65073094891686 41.5766730217238 -1.84429305137919 -3.37689890165555 7.88968692264182 -46.5225903325762 -10.5379860835389 21.6624969582839 31.4626918746689 63.2479110942291 64.6696245623397 61.3822173584899 67.1677717985583 55.4207598589604 61.9753852040491 38.6028656923164 59.1680025044574 53.9231382353124 18.0156516399952 28.526862744239 73.8969736178268 27.7016658578118 26.416773849689 53.5011440099305 61.461801353808 -23.3172669729453 -23.2383946411711 NA
"23" NA NA NA -12.8235686489605 37.3991787655592 72.2953764063719 1.91682788692196 -35.2117575921544 106.695273178018 36.2006342045167 23.9010408032677 16.6480738061204 69.8159240383922 69.8780710868106 51.4577151745907 54.8165461328949 37.7777318773428 33.970721590871 35.5438247568367 49.3311982360148 37.0038250856774 75.4526493493736 41.4232876175053 48.5050229640644 95.6273471856425 74.8671640860564 54.7821679561569 NA NA NA
"24" NA NA NA 31.5206304829913 45.4609411727885 43.6896154871487 43.5448785545222 21.6922779001334 61.6944432711228 25.3663946326132 53.9782194486622 82.1375437276168 79.6769297225369 68.2112193910276 69.5986361433871 42.7328171293253 20.1392723451397 44.2407604462669 61.4037937634242 63.9423345994841 55.7419661076204 12.3158323636903 -3.58805784240601 37.3055497984362 -53.417613701827 32.9406874414261 NA NA NA NA
"25" NA NA NA NA 41.5831348240834 81.5647925743961 64.3775226924536 16.145444435796 52.6721380083651 24.5478748431812 107.53165704521 -6.34290319121149 51.2945777302737 67.2484351478146 62.85093251523 59.9282335161819 30.425371266366 53.9411444258036 69.6661551975251 75.4454267112349 46.6560687354892 127.50759463496 0.0991499341588919 16.23610760352 -77.236187820441 NA 4.5785087681888 NA NA NA
"26" NA NA NA NA NA -199.147610848683 25.9886156605083 58.4374493464493 43.8447180279405 39.4545280381624 21.5024378451432 91.5766689693091 43.4196949122424 89.3351745602409 71.5630851057131 74.8120808849733 82.1626687807297 85.8344926581546 45.730213615919 71.4587831194538 86.7025129547131 74.9694208293908 -1.95673697113006 45.155275752063 85.6478755253342 NA NA NA NA NA
"27" NA NA NA NA NA 61.1257963100629 63.3000907900568 36.304000689792 -70.0872425196325 16.7133914929796 45.9041303941414 62.8641273167251 97.3415793428431 86.2925698916018 69.0477246651401 62.485353270749 106.630900145682 60.0435743021237 43.1466158893801 40.4570537475677 3.37381640310105 75.7194580288542 46.1375312502757 27.6860473662414 69.033401786511 NA NA NA NA NA
"28" NA NA NA NA NA NA NA 30.9373592095883 114.82588011172 38.770205704338 56.4056743562439 20.1566103537711 85.188132285763 63.7920016343061 104.863076779004 70.5052443996263 75.7307223668959 44.0101755270687 85.8096371901305 98.6433345802312 58.1446934316136 63.9627855026089 24.8927166523712 NA NA NA NA NA NA NA
"29" NA NA NA NA NA NA NA NA 19.9306716883507 82.8597327175442 98.8452654476464 74.0320566338247 68.3835652100442 117.801197116499 118.186127059207 75.3771890405639 75.2729014828183 81.2125068259359 89.8318109132845 86.3182078742603 54.2760777192712 35.899135806599 NA NA NA NA NA NA NA NA
"30" NA NA NA NA NA NA NA NA NA NA NA 74.6049486369168 68.2958068324915 87.6959865429018 98.3260021368507 119.707108887292 64.286571642395 70.006733222685 59.44801439644 NA NA NA NA NA NA NA NA NA NA NA
