"V1" "V2" "V3" "V4" "V5" "V6" "V7" "V8" "V9" "V10" "V11" "V12" "V13" "V14" "V15" "V16" "V17" "V18" "V19" "V20" "V21" "V22" "V23" "V24" "V25" "V26" "V27" "V28" "V29" "V30"
"1" NA NA NA NA NA NA NA NA NA NA NA 12.5533899269203 4.68786725482614 -44.677175472583 0.893942211944291 -11.3562370873197 -5.27656928985035 -16.2292669417009 19.4320829708141 NA NA NA NA NA NA NA NA NA NA NA
"2" NA NA NA NA NA NA NA NA -31.414797725719 9.13085944369045 -42.1541687004788 -18.9724160773114 26.2624832538567 1.89317777701838 -5.30042743058702 -32.3788812877897 -12.1622411728452 -7.53662010532374 -6.16168219852005 27.9663313488436 6.7659423880503 -29.2812587455305 NA NA NA NA NA NA NA NA
"3" NA NA NA NA NA NA NA -33.7749355595783 17.0418047937929 -54.7723352964913 -46.4796834665303 23.4543645602896 -20.7267493204738 -12.9116333225866 -18.8677037647069 -17.9795198145279 -9.9241995955515 -16.8479381872279 23.6862805537085 3.35062770218954 -42.2926873995448 19.6465226829562 -27.5523493283298 NA NA NA NA NA NA NA
"4" NA NA NA NA NA -63.064695861032 1.31085861461675 18.8532703532177 2.66535726489822 -40.6008725701563 -21.9776613100128 17.764963332958 -0.899924395914282 13.820050188387 -39.2143785480749 -60.4067534503645 -38.4718629074038 32.8599384393545 -8.8916107366113 -42.7010063196714 -3.64198075703489 0.680597420363142 -100.087944692285 69.5412828452221 46.2806904391517 NA NA NA NA NA
"5" NA NA NA NA 26.1280675599868 -18.1714008747823 -2.76096335360688 -88.6029098400417 4.36869726465925 -65.0523675433867 -15.7868036394442 -24.3564858395133 21.0123201826312 6.87153258186443 -1.67704462449748 1.66038346805931 27.8006151810567 -12.7537403424033 13.6646903192447 -18.7171019345386 37.1492039524153 -50.9789529956487 -61.9556763974365 -1.50544727957912 -30.9790745141914 -70.1429577737582 NA NA NA NA
"6" NA NA NA 41.9877712927432 -17.3998071485458 1.33174440403942 -37.4781951150309 0.714418816890044 13.9048601414664 18.7409576906944 -20.7689150648385 -21.2033320092846 26.4451077073961 -14.0206793342736 -4.15316770202909 -3.04552910374617 -25.1187282411977 11.2368638537913 -24.0968476315741 -8.96954809539299 55.7923393858764 -34.7633974943691 -75.3600660819191 -32.1334026870827 -75.3492809378963 14.0393839205824 82.3720941834479 NA NA NA
"7" NA NA NA -28.7721650661204 -17.0585552236645 16.186851094823 61.8594843128542 10.8728407867767 -70.3943135136156 20.9328188765526 46.6280255208951 1.11371865370015 -8.96449255290223 -4.93853436693131 1.38032283599693 3.04200199602208 -20.3073752439477 32.7766877234608 30.1766417540065 -34.8538893668628 -36.159489918324 55.354865780975 16.1258999118531 -34.5099091690976 3.78975836453228 -12.2412539390624 23.5589148883066 NA NA NA
"8" NA NA -21.1596112432011 -33.9366309557608 -56.2626056206411 -121.497905612263 49.9200235996417 -0.431674421458399 -28.7899966823911 -39.5913937310163 -17.3415052153067 -3.37389979569488 -17.5869825450741 -47.9999792036189 -2.10839845122107 12.7815159926596 -5.34719232389937 -13.4507889232973 34.5210439744887 33.1255601114518 27.5925353050545 26.515497159991 31.2730916135915 -24.6480839433223 11.9712237398156 -12.6912888481239 2.26356601659039 22.2086812574442 NA NA
"9" NA -29.4405211257026 -30.8494729958484 -41.2032124652576 -1.53819357595884 2.32702079627654 -3.50901609004739 -11.9045954833207 -48.0614225190551 8.65916245382771 -16.0882101278241 36.0930671016334 3.73398883673889 8.75156717965242 -4.19586034639468 -5.86357897241859 -4.95963779754325 -76.9274619908064 -1.94171473662582 -38.8342874687278 0.494781363976065 -10.2298533053483 45.9849248087385 29.431883474716 15.1482316579203 59.9143652176373 56.0219014930786 53.1134649190487 -16.3859707034645 NA
"10" NA 37.0526998754063 28.3025667676588 -3.88703106205243 -20.1910108361574 -116.356876857484 -73.3593952425337 -26.794010447476 -50.9352529779249 -10.4778139064899 9.88850301122175 -14.7749067447156 -12.1398154703526 -1.26157320614961 1.92885972155631 2.39256956509129 9.25479264381425 13.4962957498418 -74.9290330492891 -0.122076254250753 -5.04877458456365 42.0119450715579 -16.8018881962814 21.308914246949 12.037138006593 -6.74556352266694 121.857132110917 46.7694595175908 35.1948318180332 NA
"11" NA 21.7716105101863 64.709796446021 57.8062823894743 -69.8475839294055 71.3686899321368 -37.3545518441655 -21.0099335840861 -49.5730491340631 -9.63675791459162 -43.0069667066452 -19.596319842073 -7.94838928663728 0.828821811378929 -27.8177464080852 -3.60278330117857 17.8581785501665 28.691234092529 -34.0787998409026 17.4037344965018 5.71548225562847 70.6281614423322 98.5438629298915 36.5414024849227 82.6160687274937 89.4260132756863 -81.67472404818 118.909676346416 69.7354792355817 NA
"12" -39.5699370770143 -86.0548696980437 -43.8930092718573 3.60971414515631 -20.6778245899014 25.0831350092898 49.840252864582 -36.3396018758181 -14.5241411004757 -17.2970663751176 -38.9167266859863 5.82824882048024 -14.7482840016272 16.667510318059 4.88176846706143 -7.32705301806999 -21.6170471794944 48.6081337518261 14.1284744780237 0.956765791973397 103.066640684237 37.7108924921338 -29.3229001910216 49.6537747610747 17.6290327363555 -168.49198502542 169.436628321482 -40.7089916903426 73.1035590511719 38.2673844095097
"13" 34.3305331155389 2.73822152272038 -13.8391803290584 -72.1250770459674 -59.5787530914736 8.37796347638176 38.8092900909151 10.5911840242684 -58.9436889798951 -16.7355423618947 -26.0977280255849 19.4194252243856 -3.9952031229868 0.264799729595121 20.5312038580043 -2.43320598124556 0.577013836822674 -10.886653433982 22.5404726660075 11.0127228381158 66.2367642135518 73.1923112413075 -35.1722679878068 -17.0920589235679 40.9542706517136 29.5522031519567 -4.84575802028372 12.7893757413195 75.6272262509744 35.6092007017004
"14" -42.9240579835487 15.4319727376007 -69.4373638799829 -54.7731643767034 -1.94629145845316 -17.8971747365858 -25.6478007188893 25.2757793989244 -23.1098804002084 -42.7885492139019 -13.8554409421495 3.22271183708148 -16.2970394512144 10.6417595402893 6.04879128878876 -15.5834078711884 -2.94163513941334 21.2958204845967 29.0154853226284 49.3864242130668 65.2872121026433 8.61937197828191 55.6055415506443 27.125631901524 78.5580202306667 58.1554280344492 89.8021052924862 85.5282769038939 6.34482937047318 -11.4941120087991
"15" -130.392773884887 -53.9307083313512 -1.5422071016412 -34.2230414613578 -92.4596226821197 32.4095153191356 -11.3507997953676 -23.6417793242464 -13.600851088673 -3.31424779493655 -19.7960270195728 -59.5803040527723 -8.36317098011174 1.61600285163784 3.14181528569246 -14.1195258572323 -1.0718090753101 21.1048691007259 31.1703468439787 -7.41720635216995 13.8766486251998 -6.91564306310766 -15.0950646581793 -22.1060767604337 48.6012768018686 15.8717667532104 70.0759097796558 -41.2010999428052 2.82509697676535 35.6024727127175
"16" -27.1735513414081 59.3759177901147 8.20735913410564 31.4959994270404 -8.48037623026724 33.6065831335629 -71.7390804384089 -54.9364677340145 -64.8862723158435 -2.99673948358432 -79.7784479718462 -21.1569270171937 -10.6635816495453 -0.646216784417585 -26.8598061686211 -11.2036268179303 6.59635138118392 -3.85276518680052 34.5059884346415 16.8506990875585 27.7821660338674 69.5459413355023 -65.7732700498213 44.1916134488166 23.4032667667239 -55.1548393106097 57.2365456878965 128.177458833082 16.9941986830534 -15.8763349078013
"17" -59.1159040402043 -10.0126028147836 -13.5931364476363 -8.86265916391577 2.65187604194095 25.1850609405871 0.836836980938008 11.2674796069202 -69.234786571491 13.9295274251084 -3.6199925724979 -6.66785146361266 -23.6110520087396 10.9248647176753 4.49794899109816 -11.5616053633325 -13.2600284285858 21.0232730103962 10.973597633278 26.3128324346372 20.4872658086822 0.282392774877114 60.4903771398989 -14.5370225122551 55.9141081311885 22.2324356488924 0.316288533882352 87.9420440912505 -68.9778406271684 37.3954610718125
"18" 24.9906834899679 96.2959359547274 47.9004818071654 -52.1925535689143 45.7853416365001 -83.0772880024998 -18.9152745922169 -56.8090525023872 -0.205881257381615 -30.3680967308014 -14.4499461877441 6.11885990567772 0.286283841690366 -2.13389660473079 3.84313106431385 18.0235380380214 -6.78620592412633 -11.8549857574629 7.03197055630986 -38.7037188344927 39.8536797391718 50.3120013850292 -47.2158905981949 2.37717512522324 -67.7743004326577 30.5220889701951 -77.3240970193154 -59.3956858610263 -37.3402785517523 -15.2358927414045
"19" -28.5493732842942 3.37082953874797 -15.7175505614551 -59.7743590337584 -110.840142512134 15.9034521582642 -29.9419683288519 -14.0205926295345 5.98416762497013 -10.8867012644178 -30.2750565060691 21.5397203013458 9.92728776985502 26.3276345867321 6.49623548328544 -7.91741441569586 2.83940842870008 13.534645769232 21.3065812227929 6.19354522873065 -14.1710181280855 -25.4125752240515 42.5413533097512 82.3806912651828 -19.0100588651269 -64.7441413684315 44.9715121510216 78.8983019721515 -25.0370939061704 -6.84780655222671
"20" NA -12.5959359699679 -45.5026514873585 23.1968095273906 -12.8704978270454 -21.031186340867 -9.79477654089623 34.9944655981349 22.994406628512 -9.16608147452634 -0.325769876128677 -4.43490646618569 -44.4416528528322 -4.18623675766804 -7.50875699631735 1.65914093514642 8.46042947120243 6.89659255863934 -23.2490825455323 39.8561858033852 -19.6097261888996 56.5575932971245 76.7548588873805 42.853454541535 20.1141252014493 -16.401524524107 24.2159133302106 -21.2055800832973 39.9481621928175 NA
"21" NA -27.6094296530973 26.2686785624154 10.7264426260963 -3.53057933395885 -1.30359535237644 -40.2676886432288 -50.4050253810101 -54.3505547475279 -43.4549948807564 -3.04857431348754 -13.1175961408914 -38.2632210140308 19.1697137977487 3.5565808693513 2.15438175227541 -6.21067776031081 10.9658811111848 30.9402688835502 37.6649439833049 10.6128039256737 8.46063885884039 -0.27718594013496 -0.346935960573297 74.3719301298019 109.506645530323 51.1515937061097 48.8059690713287 35.4716846983608 NA
"22" NA -47.2401045053403 -6.15527712667284 0.433791060694219 -56.5578528567603 -35.4044401139774 13.4685868510647 -13.4983448468 -70.316513941934 -2.90096120500286 -5.4139465365835 14.9800764709334 -2.36401099495886 -14.3440818905128 12.5761459421576 -3.69601613265862 29.0239366870418 -24.1587487751264 16.1426008426803 -7.07856530222145 8.39173749443616 98.4338211809276 -11.9190302383438 -12.6152530410179 9.23097392951786 50.2624057732558 -78.1025605690096 -20.9981017895338 12.2495804775791 NA
"23" NA NA -6.03274276218468 -1.65131402633807 25.517524812757 -2.69521649290867 26.7526425006038 -27.5288954744507 -7.52989426074906 109.670762216019 -7.9362995137679 4.78347073732936 -7.79398473644635 -14.4011909699707 21.320622367584 -14.5350055553192 -21.3358860839248 -24.4990076231039 13.56280226622 -2.70602668190086 19.3323648236682 -37.6713800578 69.982081715628 24.5807444897246 3.07485512259777 20.1744119591018 -74.6739551998374 -9.98530365754268 NA NA
"24" NA NA NA -71.8533934715676 -26.9814354817008 -14.6315709475243 -44.033392033722 -67.8335051703008 55.7438615874248 13.5350625471968 -30.575041536559 -9.58450055578562 -25.4200463180707 7.93717563597498 16.7842322383543 25.9330137154107 19.7963287379767 6.64183842214996 -16.4238892971847 12.4399320549789 14.8792152820031 -46.7768110290795 27.6266924054868 -21.1624618886177 65.445997444507 13.3833168619119 -8.51578113390647 NA NA NA
"25" NA NA NA 23.5256910131636 -61.747909055911 -20.6966321813292 8.14287354401143 -20.0721505959768 17.5124914770684 -38.4606829294959 -9.02945797537688 11.3225549736051 -16.2511138603701 -33.6544766008188 -8.56837639692076 -40.5364067431136 40.4818972237957 -2.82142238353816 -56.0140073748649 43.6596167802291 5.37765687401803 26.6808821865023 28.8068188808738 120.14595936579 94.7130826773013 -12.6466454889087 -11.2922090691736 NA NA NA
"26" NA NA NA NA 29.9535813210069 -4.72423937876592 31.1865534021957 21.1618718406887 49.0494496090286 -16.5928592536683 25.9210633561124 -8.80460362854186 36.7384111946543 3.8480372316881 35.7254993709848 4.94918908195271 -16.0650378185132 0.437052550938878 -3.74613725449402 7.95837965714881 36.6044177267269 -11.1039595387767 1.98317184895239 21.5243469181075 8.78252444704993 50.2824246852221 NA NA NA NA
"27" NA NA NA NA NA -28.704948158623 -32.7814989283491 11.7953479087726 -18.7632117847604 -8.41963759537357 -6.87600116963926 16.5494813275434 -16.0683972195676 19.4191093651195 -12.324399839516 29.3280755389414 -1.68392454761378 25.4364358792496 -25.1743877466489 14.3170915807083 9.50608789681128 53.3293083365708 0.101480095178433 -7.85519260982583 -14.3754445546369 NA NA NA NA NA
"28" NA NA NA NA NA NA NA 37.080324164605 -37.545435101104 15.8251581248917 44.3801887179293 0.359151155847017 -7.83223251291238 1.48252806576094 -14.1873787351702 21.4259499593484 54.9459581937437 -42.4802936818319 17.8441728421883 16.0815670075639 14.404045099033 -53.4522226436074 34.7668052001563 NA NA NA NA NA NA NA
"29" NA NA NA NA NA NA NA NA -15.7704649189806 6.09579978009523 -17.2138078255885 -2.18546216751459 4.68161489291752 11.448694565783 24.53999210015 -4.34549578796267 9.39550691214342 -12.1865152208073 3.87169605834684 67.9536849253996 -12.5556897231546 -14.5447986024591 NA NA NA NA NA NA NA NA
"30" NA NA NA NA NA NA NA NA NA NA NA 32.7108174742808 36.470334276629 -1.24235745107085 4.70157460376447 13.9459285178529 -3.950698248615 24.2305018074944 0.992139066507984 NA NA NA NA NA NA NA NA NA NA NA
