"V1" "V2" "V3" "V4" "V5" "V6" "V7" "V8" "V9" "V10" "V11" "V12" "V13" "V14" "V15" "V16" "V17" "V18" "V19" "V20" "V21" "V22" "V23" "V24" "V25" "V26" "V27" "V28" "V29" "V30"
"1" NA NA NA NA NA NA NA NA NA NA NA 119.315462977447 133.908958493575 114.447939018837 124.46982660072 106.498780739154 108.917911681403 76.7987698576582 134.022826132032 NA NA NA NA NA NA NA NA NA NA NA
"2" NA NA NA NA NA NA NA NA 57.4457815089899 117.604051659819 95.9653595463658 89.1708355894006 97.8395931164793 125.099356481432 103.856297082875 92.0330142376972 83.8661083402575 121.459135815816 61.605084953889 64.9526368208408 53.2161074825491 81.6885329156656 NA NA NA NA NA NA NA NA
"3" NA NA NA NA NA NA NA NA 0.208201386448188 69.3662309589234 25.8784879350315 104.866854686817 111.670395057514 87.4899410935852 119.813734446821 109.241636552764 107.563890356275 95.1255346177462 87.8179128373554 80.8717241307094 94.4588634691054 46.2820704553692 66.2085202335908 NA NA NA NA NA NA NA
"4" NA NA NA NA NA 68.1339867786889 21.9039483379933 63.8446793289386 45.9450814873835 130.865930182194 66.4489497804011 97.9102432849864 108.138404468857 84.8030246660121 90.3571824115396 125.809064822256 87.5845227170699 128.409288189429 133.576468241125 40.7993737523587 63.041964045328 64.0133475523578 72.2244110648805 55.7617480163733 -46.1612175851851 NA NA NA NA NA
"5" NA NA NA NA 112.53482475403 35.5462142582995 105.200511867839 -0.902925767620089 90.1125975296047 130.584835358449 104.139494691402 48.8936154359734 69.7861195000868 97.1444392651092 104.922213880164 85.2149848033907 94.3234924259181 108.71767207602 117.820746851485 58.5180253399638 55.527598958317 91.3885720767967 107.964753162761 72.500894392983 109.606475486221 -2.35528989938234 NA NA NA NA
"6" NA NA NA 7.31391107663817 55.5018402047199 -101.998184710841 84.6732052182584 -92.6070126586019 40.0161445447161 54.2933984738997 66.3591991790773 65.8153640848239 59.2886289216867 81.2875365902241 94.4935807956007 77.3051774343741 94.4003641200928 116.667897824512 82.9565409707126 70.2612956615832 65.7975802020845 60.8570678991136 93.3581447670434 125.978891660578 80.0993869300825 -39.9322378273833 109.189926745505 NA NA NA
"7" NA NA NA 71.2273224677536 -2.53753513599333 79.8572103957859 -22.1032978015457 66.2505611655 90.784950315956 43.9808487950315 79.0513050975883 91.8295233254717 92.0825871591633 93.9393873544626 84.0835720109165 87.5698030540653 103.594091011502 69.857815893118 84.2045130540455 87.7241389372655 5.58168949879608 0.323460967764128 58.5563391012557 53.387724103748 55.1011245937777 106.667775400552 -3.35919646236513 NA NA NA
"8" NA NA 32.6850459867086 -11.2001362948441 29.682534626446 60.1576625972014 72.3931180262135 34.6362289943702 82.3508447879764 80.60253072552 85.9182670814417 70.6496971688846 71.1689577402962 86.4996336440983 82.9064985901731 77.328827001136 83.879714655555 59.9078430668476 64.2992082668503 31.6383299481439 30.7888225476001 196.692904498351 -23.4614456667498 35.1288961409977 32.1979666690907 33.5232691836271 -39.2628312183863 -21.3762269317446 NA NA
"9" NA 48.5422683833606 117.232351638529 38.181728104233 -21.900777851182 68.7958514451651 99.8436978389068 67.975056549212 14.5142262892402 16.6205391522656 85.5422801545896 57.5084670056677 86.7656561381965 53.0355532667908 76.7860404623443 69.5581116800854 72.7217419963469 60.8611191327641 55.4887061355681 43.4536601043775 20.4294993823542 -33.3797381976804 33.5237944971708 50.1238223910252 -31.3989255694217 4.97914374639551 NA 22.9578790174182 2.27446192979515 NA
"10" NA 73.7449761377637 42.7702885910343 131.885000360042 2.35109974974178 79.4203040157694 31.2164820250244 22.2026167767244 17.3540976444695 38.8621621770937 50.8503338876902 42.4712524348036 51.4017452779314 59.1389744801782 78.1633137829822 57.0065802521303 49.3335258747082 60.6010787042223 68.7825123927833 78.9905039262405 32.8627763148387 -0.391129105682295 53.7212244222533 1.28601360452579 38.4857582564459 46.0938525788086 54.8897624109558 24.650241452744 -55.8367061216153 NA
"11" NA -62.699173569791 16.7349987656287 -37.3896583165307 -39.1896978713793 -27.2303130445161 -62.0915505753155 42.0755166899233 -42.3385118326146 62.9385953109315 14.4442484956257 35.0111194810066 34.960047941604 41.2267283096832 64.8339778559435 53.0410893894862 64.7775039334244 44.6355445139549 48.7229374265228 23.5344304148753 14.0500775467545 -3.2809097019841 65.9282331469875 41.9079577759188 -55.9502310273265 90.1916308084816 41.8430774436938 77.6868967966272 -60.4901970227639 NA
"12" 5.8941781684533 -2.77609368729209 -57.5004143344465 -245.543247005427 -69.3719890173422 5.02681161417937 98.5810052415047 -11.0799592709513 6.59243555253413 34.4146526694684 22.3044647418757 25.9154391267886 57.0904104596598 14.6102260747659 42.833879161212 50.1056518225272 53.2053442897458 12.9214437973946 44.8569053952857 9.36577974810987 -4.30548052278904 26.4803357566845 60.6492216788513 -14.8819955597483 11.6169476033313 -1.3134913006918 -56.3886546825171 18.8084431368622 40.0978700095815 -25.1685283091302
"13" -75.824359422215 29.2670220976231 -54.4246822593722 64.433320026686 -29.9635022604197 -10.8243255020017 1.42530089458278 141.152331172813 0.631760274457837 -12.0825140247676 23.0790357179834 15.6027680867854 28.0601997515324 29.1035727388607 23.7261728522495 18.0832741370264 31.4752288724892 26.4641522862247 22.0896966047263 36.5257827531784 16.1505879973664 -49.4785008218866 14.6809494049417 17.0233853667944 77.8898650680187 29.7329357838173 -24.2406220584182 -6.04673861914392 54.9737697095515 -85.6852772312286
"14" -66.891937394007 6.67331369907938 15.4018846499054 -71.415461592657 17.0233053370744 7.36051615761016 33.5033443511288 -6.76666918183674 -42.2414298364341 11.1477253381398 39.0712098129523 -13.3898509300839 -1.5083034756188 5.63431923442055 13.9753037592609 27.5236214160209 -0.839499697803464 8.20506831856027 17.0667255029795 -8.96677270187425 -9.67882865278839 30.9574230801852 1.35682303566381 74.7981162403761 7.5011082730816 -24.106762126641 -32.8702773531814 8.20270464102094 57.5447041764578 162.135556938474
"15" -127.77427131847 130.061835401004 -88.7973378713271 -32.8767032592081 40.4630141449887 -49.3753804688153 6.77882071840634 -8.19162031349163 -8.21915606219156 -0.671392146155052 2.40076902549983 15.5686023362734 -0.785361904018471 -10.2876988441321 8.02839772334455 -4.48029707230335 -7.0932478441387 -7.81169030281999 8.62351700669836 21.462355094238 -15.5823500472046 -24.407626102171 65.030906250987 91.8443516284947 0.615660387723828 -51.3813636537553 -23.4529556434239 125.412771811446 -54.0263527230754 NA
"16" -9.48056688842166 -108.648583804392 -56.0789719805212 0.363863209191718 -5.02346154201797 62.2170796637274 48.1124598826933 4.39480266584331 2.64613551803145 26.2630477353629 -21.0226291597507 -16.2287943717227 18.8409830133558 -2.12399837647278 -19.4543839035012 -1.237735981037 -6.59233269877877 2.12141397070248 -19.2218587053494 0.775983631817057 -11.0469893720308 63.1694857248301 21.7214554980906 2.44672162294739 1.4544034165348 59.8225035926786 -9.96820750041045 377.418486003888 73.1679501986668 -55.1442809466786
"17" -5.35172638078571 -86.699239183343 97.621232801587 -22.212341310159 -59.353501467028 21.8721211029007 -41.8500200300849 71.9911086515398 52.773286647826 -8.55441033133462 35.5567049287891 -6.84171105017556 -5.6474227004048 -0.999055253637232 -19.7382629623999 -30.0549509697967 -23.3588596149325 7.6440246290312 -4.90872277177145 -38.0203664021619 -19.4420227081902 13.9638033405094 41.6822793506854 -4.41618440590747 -29.8777004498446 10.4601758355819 -53.7235195695614 96.8606004260536 121.054873981246 9.37103931268025
"18" 66.8819196633842 NA -18.042675483733 -54.4323871357801 103.490033715747 47.3376913324046 -72.818402695188 -47.1738087054448 54.4296394687006 -3.54277469839213 -16.8025349171582 -14.0811977264442 -38.8680105551556 -37.3093791847965 -34.1554983911305 -35.3810676636044 -37.9115669091654 -19.1907909488907 -20.2372915514567 -34.7365821678506 10.0506064909611 -35.5903355168183 60.6512579149987 59.1293965454045 -87.5310822663397 8.19221862645566 49.8561650302333 NA 39.5236393918087 0.657063039417169
"19" 208.254951869232 -31.0815776278448 -91.5714242956009 -77.1736428710396 -202.060047673188 -81.4824266390209 -61.0024336582152 -29.2972712578741 -13.2022767436061 -36.5463938795222 -38.1370902770646 -39.9495827157503 -28.9473450869852 -44.2220715113086 -47.9206684979594 -54.4772965993276 -42.0746414951752 -29.1549539465176 -46.621705229678 -19.7838091175606 0.704896411188367 85.4909444765531 22.2554181594996 -59.8854277378247 -48.4192016067483 -50.5838455841336 -15.4136436762752 -10.6684746703694 36.0865011192202 -114.43251731116
"20" NA -51.2307664165687 -102.06801086632 -85.6372085668964 33.1489261323117 -26.8416482901288 -3.57801436029006 -50.4407907159426 -31.796044151132 -48.1434724961863 -52.4696318202107 -39.8861844365884 -59.2994201266929 -52.6624420976761 -60.0161022947736 -58.6367059785457 -52.1380115992661 -70.8121271846475 -45.154815996449 -30.4290388161393 -72.1536660174239 -21.8875809345645 1.96220095865714 16.3909484850715 18.8456385309307 116.666078876512 25.31992519563 -39.7364897446795 -62.9880624226833 NA
"21" NA 15.3412978511586 21.2627198207851 -72.3418843691074 90.925759390764 -63.304735425844 -27.4442568080867 -45.8415181568317 -34.3734133616462 -24.1828823068137 -23.4160857147315 -34.9590515421091 -65.9662751729304 -47.2903592051258 -57.2168015470344 -81.0528831188184 -60.8839772923913 -51.386124501278 -27.5900201997858 -8.26498086617906 -88.0486746870528 -43.1339142067209 -40.1115290049948 -57.2438796886268 -35.877563324693 9.07032654937961 122.060238403902 NA NA NA
"22" NA -48.3239748664687 -55.6755135382548 88.7901603534335 -3.3420512544998 -34.9341091597917 -12.5441978188126 51.5093728741195 -32.5850443411161 -38.5131999711942 -41.7632608811555 -81.5992229806766 -72.7654476892467 -65.5620405844318 -62.0780687004341 -61.9337756297882 -68.9926809085991 -56.1122283510433 -96.7317215059331 -29.5586652949431 -46.9345327386109 28.4887010836801 8.26768370270312 -28.9238890837309 -74.0058529914752 -26.1940479449132 -16.3053000023148 -46.3160333651785 -30.3248837491513 NA
"23" NA NA -10.575031126348 65.296696651809 -52.6670427923451 -66.5569341699008 -58.4988014470959 -94.6553667333879 -111.527093104779 -24.7253316363458 -37.4592933703451 -119.186142237626 -105.260597258465 -77.2542029742288 -72.5463983386224 -69.7016967219481 -79.1655471490871 -62.4467963353109 -92.9263409555064 -50.793531651642 31.5055334252842 64.4850554105141 -120.577687345717 -16.0689413511557 -44.1895078792611 -55.4237362536128 -7.04119928021093 13.7016960296266 NA NA
"24" NA NA NA -60.7030025337952 54.6754400941048 -54.6364745985919 -77.3205086465436 -76.4530693587614 -123.138631438548 -51.2861427888452 -56.4480696813957 -103.060072793521 -108.571721901379 -103.773551150901 -98.0134689052277 -96.5017306484845 -97.7731970086841 -86.1414577527609 -95.0943666743906 -88.386038185223 -34.9144398270013 -26.7812324633679 -13.8479106056239 -62.7935567087178 -11.735798735321 53.4022952494391 -57.29218455103 NA NA NA
"25" NA NA NA -16.1050127967845 -38.2462206152598 42.4324246711504 126.827737061279 -49.7289887605508 -90.6023164538295 -86.0614916449044 -36.0264597285087 -86.9934595827505 -93.0010895771122 -101.440761618603 -94.3270446211571 -115.469575762633 -96.6228624038618 -87.7129833928001 -82.1979495921455 -101.914808797458 -109.187144112986 12.001424242566 -45.7978346077645 -36.1999562159592 -35.4744807850112 4.32389483387479 -35.6944671665566 NA NA NA
"26" NA NA NA NA -16.7110222419591 -43.0453660831384 67.0279367719466 -36.5910557212423 -51.3176887277131 -71.0821430148511 -105.738862450235 -110.820636089126 -84.9840242101086 -97.0580012445009 -111.480960918496 -111.734896287027 -102.715714031198 -91.0211612848003 -81.2162217548615 -92.5563298001615 -107.735146366638 -26.6946678021412 -102.599843402382 -52.2673896286921 -137.11078565817 174.22345368919 NA NA NA NA
"27" NA NA NA NA NA -156.68138026135 -62.3788656608235 -92.0348871062834 -99.7199095830903 -62.6279699795595 -84.6107600357822 -74.8720346849556 -120.178395848365 -104.006699978894 -112.393084635347 -112.228029577603 -125.530623807969 -94.7170688693604 -87.7601992765992 -88.7661055023776 -126.3881979543 -75.8255402984633 -27.4031794381557 -45.5704525111252 -26.9687412956832 NA NA NA NA NA
"28" NA NA NA NA NA NA NA -83.4667469682663 45.1954514781159 -93.0006120448108 -102.224317393898 -96.6245380756776 -93.8175267975354 -112.381761388554 -101.974075359626 -96.8438827216948 -125.826065878625 -105.150755320486 -70.6459973809905 -119.843121937885 -105.700529065451 -54.844503860443 91.0114284168341 NA NA NA NA NA NA NA
"29" NA NA NA NA NA NA NA NA -103.959560152837 -83.8482982723296 -97.2037927854254 -96.6018982691769 -113.306074303913 -127.473573494658 -103.016324621714 -105.778843955922 -99.803571747208 -70.3958156185777 -124.592058580763 -13.4097058847679 -142.860480559551 -54.0925727465269 NA NA NA NA NA NA NA NA
"30" NA NA NA NA NA NA NA NA NA NA NA -68.1612169405635 -99.1486167677575 -87.0453211343581 -124.961576173959 -105.099224027166 -118.363840310924 -141.984732623785 -118.595067510507 NA NA NA NA NA NA NA NA NA NA NA
