"V1" "V2" "V3" "V4" "V5" "V6" "V7" "V8" "V9" "V10" "V11" "V12" "V13" "V14" "V15" "V16" "V17" "V18" "V19" "V20" "V21" "V22" "V23" "V24" "V25" "V26" "V27" "V28" "V29" "V30"
"1" NA NA NA NA NA NA NA NA NA NA NA -29.0405492275377 19.3037871203469 20.630761616889 -49.7676984984237 53.0528412303667 17.3051220591708 17.5219098585073 -27.639931186423 NA NA NA NA NA NA NA NA NA NA NA
"2" NA NA NA NA NA NA NA NA 46.4835881890191 0.0806967280890588 9.66619494479042 31.0603900333609 31.2993476290857 35.936616134826 47.1138465384683 35.3152975281085 33.5706030655046 42.8399598716709 8.2724724195897 16.6139150408484 -17.8901249532745 17.6577565255609 NA NA NA NA NA NA NA NA
"3" NA NA NA NA NA NA NA 14.9806109272032 0.718688845990678 -0.15963039971193 16.92036122535 10.8165642485984 16.8805325296602 23.4878058344616 -10.2344093291328 -27.2543307700138 5.39676047563129 30.3118270992219 -9.81338350159093 28.3831120002534 18.8277508300863 26.7726336140126 -94.9349142701888 NA NA NA NA NA NA NA
"4" NA NA NA NA NA -30.2683349666407 -24.9567010998602 -98.3920866661674 0.333739715690614 -14.6851738989272 -14.0535489212259 -0.157830977985065 2.9335517873952 -19.5954917925739 9.60225603676366 -5.3885968754576 43.1526904233126 -22.1586262499847 60.8160885379989 -1.51546829088051 39.3087781965121 12.8464612917646 -7.4625753069752 25.2602218789282 -21.3996494171779 NA NA NA NA NA
"5" NA NA NA NA -79.2172309574511 12.8635495120074 -15.1959819103596 -16.305208789852 52.4406101533797 1.11443292302063 -33.0503369228135 20.4715420878569 49.8049542922366 66.9578002037246 45.0420510523064 25.4017691378249 -16.3727090875259 -0.913994707650471 24.0387255207997 -21.8480108444704 5.02302791146718 -1.04886063838347 -17.99036241662 -21.9981513525171 72.4473058352304 -53.6047479792042 NA NA NA NA
"6" NA NA NA 40.0690859544483 -24.1852984154338 -21.233847082464 -54.9193691930168 -9.18887153960232 -37.6732839720629 29.0131292724382 4.78364004334355 13.9420740656777 51.4566731437217 -14.7038170395627 38.6559686482071 17.3844535730149 9.18860886131945 20.6222998127126 59.0468367337983 50.0189410722484 44.8901769840931 11.511631701866 38.2606748383193 116.221525387846 12.0848122953581 28.4428002749335 5.55955409400834 NA NA NA
"7" NA NA NA -86.7829443879873 -94.4891183982778 2.73445614556197 -68.065259567289 -22.7108425166591 53.0420912151862 38.0067580564563 20.3807415746237 20.0943240048777 37.5266039669949 25.6271422084321 4.25722905495875 35.217031902263 30.4483110114227 36.0788501465336 -25.4172303656791 30.0460881638067 31.8055718868047 29.2594854019315 63.509719032285 -32.015444729612 47.5786290123916 39.6686478058053 9.1268488290334 NA NA NA
"8" NA NA -37.4047135263907 45.8402942427731 7.25033438096055 62.3833864498595 95.9504930948175 -10.2047032140138 21.1770076659889 35.8763971610929 -33.0210689158954 -19.7626780058222 -1.19323634907819 13.5362527342934 -20.5846596638613 0.601239964950917 -19.339359757031 43.899274562485 3.67907782917653 35.1975119792578 3.95228250702056 4.93613771545522 19.3512826891206 13.5358800465139 -16.9704971552104 -65.7675920931839 23.3199691854073 -25.4396074300853 NA NA
"9" NA 13.6989055395111 -90.4591312090625 37.6609567697646 -66.9405921164619 -9.78533414952875 24.5939332215682 10.7199188673294 -49.8728479919467 -13.5214789912056 -2.72420201926905 24.846015137455 0.835803573098567 10.2753991455366 2.2039589446636 -19.5355722782447 15.2039618624379 28.7331067530041 36.2098574836979 25.7131656631657 1.65272895862891 -11.8361915148926 -17.7056860533856 -26.4780685912058 1.87392120218121 32.4305582288785 -14.6568664960248 -22.2987193330577 -78.7177667961701 NA
"10" NA -20.8983382768893 -20.0928517830228 46.2630182363729 162.028854764511 50.3949600532227 -29.9225164680672 21.0515811515171 25.8100944943718 -57.2038128585763 28.6819849395972 22.2729482076533 16.1231067607411 17.5807063501394 0.0960232660507672 3.40939289114192 -13.7397073829424 8.82351847880132 2.34726618174521 0.928343813180071 -2.51237357806904 25.6771322972801 -64.3308667732139 -71.6435559571346 -104.759938394187 57.1441031789409 -87.2257317104866 48.7716246114799 126.09480620017 NA
"11" NA 12.5144476836745 -0.460587823792272 72.8890058935631 -85.23101658945 2.40929293781226 31.6035932432313 -17.0751514991886 -0.904128759243512 -3.23080918391583 35.2667871806127 -7.40379964564597 10.1432594185559 -10.7245683980389 1.24526884825762 31.9967989657558 -2.02202329747753 13.9043077544805 -29.4181513830031 -5.15772912811121 51.7001904850746 -18.3781654963381 -6.72759751381485 16.3619154909782 -15.0586870956212 41.5029761707518 -46.459916494335 -26.8687055397204 50.1001876386292 NA
"12" -152.938879068055 -48.9189774778786 168.913635176986 -25.8599054139724 60.7429036496905 17.3393069874283 51.5474385026785 65.4067488310597 38.5132971824852 -0.770638509839081 7.43926991350254 21.1298240499527 5.92135472403418 22.5736677481413 6.81109304813852 -0.833381857585446 14.562906251463 20.0723392182811 7.82230982351199 48.9942522383038 16.2717243095056 -25.505872118681 -65.6121279898455 -35.8060110318739 -44.2921626784529 -23.0757237589103 -22.9158623906179 -20.0272207786679 -6.24631559075848 -23.5179547406835
"13" 42.7921463597094 -91.0829367532942 -18.7068026503442 -90.0314454647589 72.1822305790276 -70.7138308074338 51.4823433200501 17.1722502948294 16.4869092050655 34.4156290180304 33.4829579905848 22.154483781341 7.2763268382606 12.8456421655609 -7.73099487389067 -1.78733545622909 -4.50666000693051 -2.66417096932299 18.2249225099232 15.1153955772171 4.33697510135788 97.4495333316439 -35.2638141033886 21.4619673369401 -46.6162099776485 8.86890648117003 42.436526907585 -18.2945658407864 56.4258801996898 -74.6439001999645
"14" 150.122010812681 -3.40451961876655 34.8942851566469 74.5176119758859 -14.9711853032295 -21.1847711693434 -7.29071445326692 37.6530929703301 12.7674352757615 60.8751238797969 -8.04294314137569 -3.99167597564488 19.3386219754985 2.39233193397013 10.0498426040899 -13.9329365085813 18.2066929403626 -16.7120430073708 10.9189279301711 -42.4863669856699 -7.06072328783504 -2.50129304732379 7.70082866693567 1.34355922407232 15.4791919514406 68.7770443424649 13.0057810230436 -25.088474990876 -94.5722623737548 -27.9159055537838
"15" -55.4862690488974 10.564311333379 64.6771010161934 68.2010996299217 45.3443800514017 79.4774123011311 51.7611731692886 4.31487074835806 -5.08270785065426 34.0370310713168 -18.6679072165883 -31.6776364775124 24.2137913402333 -12.6568361952346 -1.06282428816455 -11.0895377414687 7.79177081666634 -9.90381083664653 -1.90505985715211 3.56950722443478 -16.5199864388992 -11.1633231991546 -35.9812640244731 22.8991663118524 -3.15161091789617 10.9495908982471 -16.6305966791975 24.5195242761535 17.6035792066951 -37.6319533677794
"16" -73.7465225416455 119.549594937431 100.066760153725 49.478170318588 117.69935824978 -3.29996390630471 -38.3532538373231 -19.3305724747954 -5.04577563669227 26.5226928289237 15.979914465424 19.5149406326922 -5.77412053701534 -1.67445668930186 -7.07963868117941 7.96171791909268 -2.17868477453185 -11.187925088286 10.5338282215458 16.5969939795785 21.2219159497842 -36.9763513472572 -23.2218114702048 -6.89080096249341 -11.7630773590413 -32.7684560438726 -73.1225469856848 -39.8897548443472 -60.0359016706483 -87.293827393574
"17" 37.8587617528451 -33.9850707692131 18.4462283114639 -65.0039676494755 -47.2284787551762 -0.316091235888097 -19.6027088940674 -46.9928230812573 67.7590042190179 -35.1073732489838 -34.0072152064867 -10.1731692059104 2.24158954656202 5.41129301408733 -10.0455371264324 -14.604770241369 -23.1972412125458 10.5443022713663 16.4206200747093 37.5741790427013 -36.289527069435 -45.6134193169477 -9.80222536791124 -62.1652141292643 -13.8003072706408 -48.311226300955 10.7895789761282 153.442175254964 31.2494259447303 -57.3210050390117
"18" 103.819036209103 80.2604687842094 93.6880589195348 72.8218162656251 98.0650109496287 -62.0944913319728 28.5532532282717 29.2434372320802 -21.9214075295709 -20.9739770581638 15.7278290990361 -6.47323593673217 -6.150644600106 -32.1685859889752 5.98728038637292 2.46494493353923 7.17429524779455 33.9170707495078 -6.14229001265577 -23.9873011284695 14.4146336683242 -32.3940927684291 -0.0849542668814045 -43.0715838978981 -13.866182768483 -43.3287250066712 -7.33149696312212 -129.109260279 165.174565325642 3.36621078896176
"19" -48.9833206395996 14.5558935165477 147.390534506999 -52.6742296994945 22.6824939881861 -18.3580067698454 36.4698477953514 -88.8729894438655 37.1224749315931 -11.4706348370403 19.3352615121969 -24.9847004008461 3.06340084052854 14.043101813228 6.72940313984688 3.46629190700241 32.0941711423307 2.00937725101815 35.1630969073599 -21.0332898073689 -32.7195823714953 -51.7114633479737 62.2941858313287 -3.13927525819077 -32.2652533830136 80.0370826444513 -21.2564577367125 -77.373215501246 -31.6485229276872 -27.4602899806152
"20" NA 111.689154739014 -97.6794296932394 -4.78073401768593 19.3258592494419 -38.197822813273 -52.5970837213744 -2.55796149459511 -94.5892285097943 15.8569228183784 35.2763859871158 -15.1764973295564 -7.81927907866276 -9.17050597164598 -9.34008264020184 -14.063634454069 18.6378832593279 -27.4689698113831 10.0750231888595 2.95373377841249 1.7744568523025 -14.5977213534595 -39.9502511668863 -61.4929482845591 60.7431142985156 -22.1007318800675 -139.666302723601 -23.2334936915818 35.9614259548187 NA
"21" NA -1.80972865169655 12.307108888865 -71.0714823006845 10.490541212715 2.42671770459487 -3.50892955160066 -18.3493173708248 -25.5963959241029 -23.7012636230431 -69.049532506091 -16.1920805891528 7.2483442023659 -43.1402558192851 -29.6826722453384 -4.83479208521813 17.4275395995231 -11.5763853186672 1.7144899646889 31.5930865708937 18.8565300542054 -37.3586951430581 -20.0654721968532 9.03964791389033 3.29850673375526 53.1719563999149 -38.7980472016978 42.9327256469304 -86.0234785979771 NA
"22" NA 54.6288685296625 53.4526276157655 29.1812366456652 -39.7607899240618 21.9897112461805 24.1857940092565 -29.1548398071334 -28.8999746171198 13.9644239015667 -5.8035687073803 -42.3857036989005 -25.9016766338603 -17.9345017412905 1.23632276900039 1.10654858047809 4.39899933736416 -20.4104441112947 -26.8990215058654 -16.1334333119699 1.0018143107695 -13.1065018842067 32.6013333280444 -109.025455367501 -30.4079498684955 -58.3863593478559 -73.6752809512857 -45.6366170475274 -72.9331276284921 NA
"23" NA NA 26.6641006274466 8.90359868271144 15.966974557678 83.1596224788183 37.0364814605638 -54.6399235458859 -43.2729311800322 -17.5819127259333 1.58918875648702 -42.3636193062146 -41.6035104879343 -40.4903694372505 5.10029431072795 -2.50116839518886 25.5931491603125 -2.94243277987868 8.97879074123384 -39.2978351547272 5.2699997746984 25.3837531163011 -22.0824268238959 -11.2885688911511 46.3611696508182 15.7401783263254 18.7606970564223 -201.74534744864 NA NA
"24" NA NA NA -20.4158807010546 -48.6635340150787 -42.6033255165856 -34.0535639647524 10.7092336713514 -79.8302385155214 -21.438712974802 -30.4826582653797 4.81090384336139 -13.8945952150418 12.4163939546702 -29.2780956246831 -15.9055497434045 -10.1899507775034 13.5128457465516 -4.68095913373637 7.7492544937821 20.4413578763078 -24.4701102371688 17.9684158120498 -36.8156155979946 13.8553852314167 -59.9249113316785 -17.1741892722089 NA NA NA
"25" NA NA NA 68.087130484684 13.6281309064524 -47.0807969726272 -82.8316186789027 -23.5311419175351 -10.8687569180369 50.3130927986042 -49.9683645126266 -0.661694116851861 -12.0187331014293 -20.5363507654563 -25.2629968567631 -9.80991586732454 -24.5267148476964 -1.17115919378992 -10.5485420725009 -6.59706821661994 -74.3640306427938 -12.1083339014025 -41.8072268884848 58.0651870342946 -7.05353997676476 70.8494714193842 12.8778079560841 NA NA NA
"26" NA NA NA NA -64.8997975470195 -18.1229392540981 -30.9051083551908 25.1804791140771 -42.3447623089317 -19.5220604148152 -49.0355544882408 -27.8768205230301 -10.6026219688899 -20.8883712399976 -9.18618531431108 -5.41820578300514 -26.1029415353445 13.2764548392845 -27.5307838572539 1.2393650876979 23.9260388999574 11.8067435263915 -8.87067819730458 -18.3347092072867 -22.6409412611113 -4.09294197429523 NA NA NA NA
"27" NA NA NA NA NA 1.42319149330885 -8.42454047414994 -4.13785813691935 -14.8276056848673 -63.6932103380678 -27.2737606148239 -31.5682147165832 -79.9895108772593 -0.184907442048101 -20.0770744612528 -17.5205107713611 -50.867773876585 4.38091191447146 -4.5091421274875 3.71036722830685 10.1041956468223 -42.5041961860043 -17.3068310351859 20.086897729549 -121.921609381456 NA NA NA NA NA
"28" NA NA NA NA NA NA NA 28.1601693563174 -46.6940251186806 -1.97954293292044 20.3664256815303 -11.0073347275857 -39.1123697502265 -4.81610950732304 -44.6776571324054 -37.8432066763471 -17.2499256772509 -34.6132555407689 12.7938099297177 -8.59874680225304 3.23162455511132 -17.2663545968353 -38.6843054593849 NA NA NA NA NA NA NA
"29" NA NA NA NA NA NA NA NA -2.91919242281202 -57.2428895742264 10.790454502658 16.3607239939559 -4.5939779768992 4.91535394555068 -2.55296911689883 1.29356311471809 -13.3970050425633 -32.1090970615308 -55.4675323614801 -23.8094474458629 -21.4011360935439 25.8527228865598 NA NA NA NA NA NA NA NA
"30" NA NA NA NA NA NA NA NA NA NA NA 17.469948212768 -40.4581453683279 -10.9044241636442 -4.31321862478291 -48.2104451149538 23.3492896703813 -69.3190121287661 -27.0013086151297 NA NA NA NA NA NA NA NA NA NA NA
