"V1" "V2" "V3" "V4" "V5" "V6" "V7" "V8" "V9" "V10" "V11" "V12" "V13" "V14" "V15" "V16" "V17" "V18" "V19" "V20" "V21" "V22" "V23" "V24" "V25" "V26" "V27" "V28" "V29" "V30"
"1" NA NA NA NA NA NA NA NA NA NA NA 17.8277395094606 80.7762550196454 54.2778047798722 43.7177434951225 65.9373052193665 -0.780376150038768 79.8818654982237 88.6178481430907 NA NA NA NA NA NA NA NA NA NA NA
"2" NA NA NA NA NA NA NA NA 73.4031767561136 -156.987491509904 9.52799735146791 83.4519706741708 65.601868767255 70.4244147025354 84.0644360867277 40.9817190813463 53.2877476945152 76.9731424607136 51.4985431557631 80.2056345276773 69.5646987621968 95.2183939363367 NA NA NA NA NA NA NA NA
"3" NA NA NA NA NA NA NA 5.95857649297525 58.2562736430074 45.7375889213346 66.9170647572504 43.2681936890154 115.72587101588 70.2667190145509 42.4225180349768 70.7612130131467 76.1755422773645 63.129864876631 63.8553274023465 100.555304960856 45.1197508900461 56.1468829172387 78.9810633836329 NA NA NA NA NA NA NA
"4" NA NA NA NA NA 59.6238421381817 88.880774047799 37.1541777524034 83.1271759486646 87.0228486257968 34.8582456737111 54.2767275103696 71.2297157142225 65.3954781001219 77.2700032494182 53.9116472085468 82.9840252415266 16.8331363350585 83.3644156373537 35.6913134858325 1.35400899862124 90.1864917405616 19.3476278914474 31.9413119593833 37.8642376131549 NA NA NA NA NA
"5" NA NA NA NA 12.1157677845927 48.9187961908645 79.9813535267502 65.6879695061348 5.95974492091111 60.5907892288331 31.7988656005565 72.0608137806087 41.1855319937633 90.4953998744767 62.3352063815717 62.9236996567197 70.6464611933537 94.3535466437764 69.2279590704692 63.9440460543667 19.0844468886608 0.506282018579259 14.9809366577173 NA 4.51846733516438 NA NA NA NA NA
"6" NA NA NA -24.7789340258849 80.484928383905 29.9064591270854 34.8885689660141 31.1979334953142 69.5202036602378 88.9550299584173 79.2093555110942 79.4677030473587 75.9672183368148 60.4214682652571 81.8264011402924 79.607575728864 95.4681554623777 51.4787036007685 67.3159475823316 54.3503763426116 67.4039957392741 35.9992937536018 -21.6470404858635 25.1870006402247 51.9512594235309 39.3398085045848 -33.0279909046138 NA NA NA
"7" NA NA NA -2.0919911849833 22.9215486872971 NA 127.819455514635 48.3222460393633 108.548017578125 -4.42796132173144 58.962674545852 54.2780075053155 54.3000230480989 54.2534732423246 70.7015332178943 75.7593588081895 67.8958716167256 32.992654727539 101.752154929505 22.0073677279282 25.3885517297343 52.4123830711869 87.9899887263342 13.3574658533064 56.445537924485 -4.92186989255996 22.3440735477507 NA NA NA
"8" NA NA -27.135302555801 -56.7908881413334 -62.0133142552394 226.027793740563 46.7387568414127 31.1691166717985 45.4419178606419 67.3496778390056 36.2883431294644 54.0675407067334 47.3629870349102 64.9382930658998 47.7973949960139 72.8173305124837 70.1065955941681 37.1922105906289 60.1212314862146 45.1386291613297 44.950989534815 8.68564764761214 -5.825862779758 0.932003691218444 48.4768222420341 -19.4779723058852 -61.1189200750373 59.8339486335753 NA NA
"9" NA 10.7485489080201 120.527306145868 21.3792924517941 -68.9224912729314 -94.736506297027 28.5725819259571 51.3083413820622 54.2288960721854 41.9259129999439 48.7891992140156 26.2355149242429 43.3175463480544 65.4720050283452 57.0282986177795 42.5148809536447 51.5170139496519 31.7264224954698 47.144096730387 67.5959134149711 37.207528163966 -18.0257482171346 52.505274037519 -39.6562797947116 102.913569390171 69.5486692358509 -127.291836127672 1.95854647923608 72.439893886361 NA
"10" NA 10.7893479762855 -85.3045205973834 28.3264879853308 54.3235536679583 10.318119406435 -0.791136662614233 29.1049583257799 -3.20229389718656 50.909377492643 100.053114302234 67.6275775317191 57.0839081509672 22.0601478142273 46.3993749951264 62.5327621955766 37.1848348612013 54.4999088368615 47.0810605292177 68.8642453060912 69.9941513027367 72.0378253915423 86.2225238138597 -9.95591598729316 -32.4911363143969 177.524831500542 -52.990325116239 -20.6808842739533 -37.545397955942 NA
"11" NA 200.200202895426 78.2348933774512 -36.6361651895528 -3.27635479417683 -0.977954715834255 6.88501971069954 31.0699747819057 54.3743468720577 9.15975469259393 26.3011403343863 30.778464476425 24.5178689393797 47.4713096918745 54.7473427642001 29.3897339395461 39.2483517742082 52.4045588850853 25.5495163528924 28.9554257330401 27.4143956384704 -12.9200090122953 13.7262140248261 80.9541356159054 85.8691130458127 38.9468819435635 -37.4135599093205 10.7981691938554 83.031008272472 NA
"12" -19.9993519533598 NA -88.4121184814179 2.88496528941667 -64.8344048781015 43.8773627800521 14.181621947525 51.1399387449047 -9.35708228521445 -25.2349619395769 9.10439981359314 43.4707131955108 39.832822277368 39.8205874308748 41.4642062147645 24.4034095496834 27.0645821459683 52.5556476740292 29.8687389636741 44.9215003085389 -17.1987088075591 18.9506983489284 125.704773057804 -5.64765762313789 -58.9266877810105 37.1987053764958 76.659514978299 -9.16403933660551 -45.3836957815536 -12.5958497792107
"13" 17.2112723739644 NA -57.259827584752 9.79234167634894 39.8532252830829 8.70020440414975 4.35514724763116 -1.74293666803768 9.87059103976787 2.58533501653119 36.3998671355191 -0.297983237988312 32.9148637141821 10.6657096905716 26.2518031940892 -0.957864310524059 21.2183978795133 6.1597884796961 5.51364301942169 46.5175054570812 23.5584412891021 43.066374398588 24.3819211239454 -0.669341408608456 -26.1838496470754 21.6263629888639 104.717207409339 -42.8909467678863 NA 23.9411240680362
"14" NA -100.258592357256 NA NA 36.0087805756074 66.234339364825 43.52544817219 44.682683025213 -3.41073647635766 24.6009404978318 -10.2633989806654 20.1534451436329 17.3524999711805 3.07080944429977 1.76384359071669 3.28635880908105 21.5833340252956 47.103455661685 -1.48744751489082 -2.11275433966527 -7.1411015860601 3.97845245942626 -1.7676645703414 -43.1653916638825 -14.1030656232616 8.70307559619324 11.6784830732286 4.32721914531284 38.0952313500805 NA
"15" 188.333582667996 72.9725189580827 -61.1888309993865 4.98781873093488 41.4234325099337 -124.192660344023 -3.20198302643785 10.1243442826206 37.7712493676917 -17.4115034036391 -16.776219124868 20.8771716028266 0.450419148036 4.42983889331633 21.4150739725763 12.1739651718602 9.87134931828193 -25.8244634383771 -4.74207589764897 -3.17290105046526 -8.85323780156933 -15.22302421876 -9.94103551813075 18.7269831965613 -1.06446433338846 21.3962534861591 106.050438712372 -233.100473549891 NA NA
"16" -32.577428749998 NA NA 12.4263016960468 6.13539927258296 105.69270423816 24.8116663666559 -22.6656843741919 34.2504112391844 -7.82586879339909 -18.9352662211246 -37.5449493650689 -9.12922388426495 19.7773765534275 17.5350995569118 -1.72265677819893 -4.54156616284477 4.68177780235296 4.41581245918202 1.42774728188943 -10.9104435295687 -9.91124167040503 13.4606654383513 9.46525071951553 -0.105568759831041 -45.2965328646675 -60.157909587363 -50.9130846555574 -106.307442630433 NA
"17" -3.03876881851201 -81.1923173717622 -202.511631437082 -41.7384603940968 -16.7853565198108 -27.7078734894 -5.97326553694202 62.6882071291681 20.0747502533919 -103.217634271208 -2.14449201007531 -6.48804176074174 -3.86678677885128 -16.7814514286272 -21.4623360860718 -26.5368582993332 -23.5987538712224 -26.9646951142388 -6.48163390397746 -4.19826396585059 9.65257255002184 -76.2590585227957 -83.1479246923263 15.6164472763917 -80.4991639141287 -30.0703014710209 -57.0917165505995 -110.989979045624 -170.827877036254 5.68694206340608
"18" 136.177055715419 80.222005182337 -69.509118852148 -124.775047078072 9.22562976002861 24.5116789382704 -69.7429513285343 -0.551957404360153 18.3609481716096 -21.4816827241533 -32.2475627290958 -41.2754509106045 -29.5099171507538 -48.7499436404909 -28.9064184239033 -6.97125081198294 -30.8333806566224 -20.4542374295077 -51.6691648697294 -29.2817249611414 -55.5042898796365 -1.36001338394188 -37.1492830127278 0.545668188539627 -88.5727330838715 96.7327061185875 -75.9442297512068 -53.2277028493952 NA 30.8561548367998
"19" 114.117480219723 NA 12.7593890929098 -98.0448615412912 -56.1022705040997 24.2255206566816 13.6281329451546 -37.1141834186616 -17.6060103240971 -67.2549214296159 -21.8552569167021 -10.2664055560145 -43.1844677506721 -9.1600798075745 -28.0126011472334 -32.5554161409124 -46.8931327152661 -13.552535400237 -40.1600553649555 -7.28532993454718 -20.5369282414487 16.118687659626 -85.4849207659946 -26.4916929057474 35.2397903305119 -34.5707468433845 82.0873438073034 -54.4225436817327 -50.2565753367093 10.7350293404446
"20" NA -14.4718821198238 -52.6370930138457 -65.7683031136309 -61.6675074948811 -23.8134261466469 8.3249192744187 -55.2294927348476 -42.3552054447046 -45.6495989555593 -10.9779013648819 -38.6732432090673 -19.8504625696159 -46.8470578039466 -43.9103182252082 -51.5898447913451 -60.7819424321878 -66.513565982202 -56.5380936149482 -21.6545953658226 -43.7343075865075 -74.0310468591111 -37.6300708332909 -23.1894232312063 -87.5218487255552 -38.9963902794973 48.8283433520098 45.1517212674371 -18.6047699303297 NA
"21" NA -110.613508085044 7.50409387308098 97.3051531209497 33.8088491884718 32.3283830077754 -96.1714802397206 -28.4303969468949 -18.6433998544595 5.28092423985991 -31.5954844897967 -38.1121423695278 -49.0777915199647 -82.2403605887724 -62.0522233746077 -43.7751477964819 -67.2267898266016 -35.3014148313033 -40.068391985204 -7.5861843377947 3.56419541666453 -81.9122314501232 -2.10131894668494 -44.1308912667577 43.9452349687527 9.3609285195286 -3.19954156121069 -57.5495460747634 NA NA
"22" NA -114.670696926494 4.455753251794 -57.5084278832699 -37.5970082512159 58.8877293009441 -39.1521095122738 30.7489355238901 -60.7745965278889 -26.8299099632469 -14.5047464315909 -88.8950901419986 -35.3079390530977 -59.359771903255 -55.6494304680561 -49.0960353011797 -43.0729045623167 -51.1790985586278 -51.3936116015799 -22.9388099318507 -38.1930909340838 -69.7478111515777 -96.6772292434783 -19.473391135717 -38.1380960083667 -36.9893686276617 -58.1533132770026 NA -30.730892589006 NA
"23" NA NA 173.887751591261 -59.4746985724817 NA 54.1372954123394 -103.137488519946 -30.6034613808737 -46.8330329515542 -21.8218535681064 -83.828984314024 -40.5069589110503 -45.7384247607166 -56.7858278733713 -55.9331118991216 -58.1181612723588 -49.1551829095167 -78.0715905650948 -51.2691888038483 -64.7141457405322 -39.4545243412166 -34.868198277487 -40.381042497374 -58.4588569835835 -27.3351086324295 -34.9141347504693 -31.8270601422174 NA NA NA
"24" NA NA NA -18.8093479979897 -30.5052191366472 NA -34.2432324097979 -20.1072789437942 -38.7974990629217 -65.6799117846138 -66.6766686772006 -90.9755551690709 -90.3542876319821 -47.4918537830623 -76.9129923670234 -40.5596367384305 -72.4041549056479 -95.6457015578838 -38.0883203834896 -62.3621404725285 -30.2169503589578 20.6284639514074 -7.390812804392 20.8666237368441 64.4019533797693 130.191180868179 -61.7249975766384 NA NA NA
"25" NA NA NA -43.2330150338202 -128.534731273443 144.107817069238 -73.5322655819474 -11.3644330672086 -35.7365575081834 -57.2792338305914 -63.7014258878167 -50.1320695174095 -57.1427341461197 -62.9258477898776 -78.5813334439014 -62.8848830912965 -82.5422227527858 -63.4541886756337 -62.0458772929167 -37.2336948758904 -53.3379021855036 -46.1022322273433 -9.06384423091487 -70.6733279762452 -50.8676718898083 -7.64241264867653 25.6086771178304 NA NA NA
"26" NA NA NA NA NA -82.3397803096002 -83.1549205756093 33.5376742685905 -87.9003343906985 15.9232227800071 -71.4538835910676 -38.6389323933673 -74.6654333261139 -63.2599679639109 -98.1947483951485 -81.1098586069916 -75.9045458551257 -52.7973865711216 -58.803387217996 -55.1649126785999 0.213594837962009 39.1632784252597 -19.8469361629373 -41.7901028522708 18.0890612401434 -9.41684449528404 NA NA NA NA
"27" NA NA NA NA NA 41.5095690080239 -58.3872533104382 -62.0029648518466 -6.77974478333245 -59.9831019020034 -79.5021196965917 -39.4725740762096 -74.2130177198461 -36.2379328281039 -67.3250113902479 -76.1845375327554 -67.489530848721 -60.5581023163365 -60.5850615933628 -49.1821783703823 -66.4980222128727 -12.7774943611903 -68.4671797163774 -53.6245389948169 -87.4691260641723 NA NA NA NA NA
"28" NA NA NA NA NA NA NA -50.8054610161029 -87.7238967660291 -99.2445519584711 1.65492841629832 -5.33584543584305 -63.2001652172344 -107.225589684642 -91.6851937361712 -66.281330547524 -92.7778688577573 -50.0414145833418 -72.1249467297979 -59.5713556073169 -3.77593832324209 -53.8759138836389 -2.22417277488174 NA NA NA NA NA NA NA
"29" NA NA NA NA NA NA NA NA -52.5862031723239 8.67560619166133 -62.1758016910837 -63.8200724452583 -36.5825915090392 -49.5614162398668 -52.3891486949976 -81.2766788757245 -82.0509152807715 4.97706633643087 -66.3033348185846 -44.1765184393004 -71.9105813621727 -67.082218140236 NA NA NA NA NA NA NA NA
"30" NA NA NA NA NA NA NA NA NA NA NA -27.5637342219199 -41.6650884560997 -56.6178756581783 -94.5341318777534 -78.8510603401278 -28.7344539514559 -76.4076716402645 -81.2831494919183 NA NA NA NA NA NA NA NA NA NA NA
