"V1" "V2" "V3" "V4" "V5" "V6" "V7" "V8" "V9" "V10" "V11" "V12" "V13" "V14" "V15" "V16" "V17" "V18" "V19" "V20" "V21" "V22" "V23" "V24" "V25" "V26" "V27" "V28" "V29" "V30"
"1" NA NA NA NA NA NA NA NA NA NA NA 110.788777899113 13.7128833809259 75.4758406668057 45.7092891565087 107.31910719111 126.625905908125 58.3887602074478 27.4670475327768 NA NA NA NA NA NA NA NA NA NA NA
"2" NA NA NA NA NA NA NA NA 26.1550126390028 49.5649678696341 27.2029000843047 99.0039891478554 32.6315211542647 48.7492349963395 87.8811123887347 22.9744071489649 22.0731823349211 73.56429871176 47.1409319503538 28.5281955192883 2.15411286828732 42.317032214231 NA NA NA NA NA NA NA NA
"3" NA NA NA NA NA NA NA -19.1879757167738 82.5646804009557 82.500254563549 74.2953695984307 112.490857898063 55.1568022124206 69.6391962028852 77.192722966671 73.7697480628541 75.9318669693602 30.2922089110614 63.7921747924898 22.4243027334573 -7.23431276251436 57.4341109731464 27.415521389816 NA NA NA NA NA NA NA
"4" NA NA NA NA NA -3.33240463512199 75.9979232702888 -26.2816213779742 45.1135939453765 7.80951119032333 87.7770418995366 24.7621985457798 29.2914975535058 44.8146405896091 85.4736738620474 82.0140012556492 47.6593353458717 20.2136316540064 87.7873560002722 97.4642658663348 23.8419612323446 -18.1659022153019 44.5478928857941 51.4328024323448 87.1346166842945 NA NA NA NA NA
"5" NA NA NA NA 98.9324893040339 12.5751594138581 84.5752470995644 85.9000568033219 70.3748535850843 45.2304981550717 66.0542896975355 18.5064151295351 58.7724496076451 95.590379762603 13.8130689924038 56.046390083254 97.9576247534414 62.9045856522115 76.6265394956378 116.224497935209 48.1663368646316 58.5751964196984 48.7766929033665 0.231120430181216 -6.31696488377017 NA NA NA NA NA
"6" NA NA NA -48.0156360862196 NA 89.8608478197438 -13.2227480314276 -10.6009877440797 67.1896346088518 63.544295964824 28.2707654219814 75.5757561079493 49.9611470757766 93.9818494682572 58.4744926813486 42.5889848907713 15.0438333238438 71.1078970230837 90.1361031180295 44.1620045976565 33.031461239652 -5.92677416163911 -18.6151425454142 -13.8983407202197 34.3312707143002 8.49812011497698 -18.1171641529815 NA NA NA
"7" NA NA NA -71.6158435079322 50.1106033803838 22.6291425143256 49.3636489374921 35.1411483601958 79.9545692142591 45.9248522415366 28.4335913289876 67.45993802199 23.6388252350304 83.840445251327 47.4182989989054 47.7063504661258 42.80971419698 69.9377241234475 -2.79308028845359 60.7430268186358 17.2637593350073 2.82880605694876 -123.478840612942 -4.02946007468867 70.2098214479504 NA -44.1653057297539 NA NA NA
"8" NA NA -36.9177426402389 NA 4.59691834793603 -30.7401492012983 55.2356251445317 50.5090331676703 -2.89725693846503 28.6889136723614 15.8925104632458 36.402146333006 59.1413296680545 79.0432744414002 74.925164286937 47.5233176165959 50.956757370676 59.1442254694406 53.1659481571072 40.2375671776457 14.931591314202 69.0547610407229 -69.2204126575754 NA 28.2694069271053 -22.7438551322791 -33.1873735759207 23.9151644362567 NA NA
"9" NA NA 4.31433115688295 NA -25.9959247150067 -30.0253953652144 6.92371650854653 14.5237570429944 18.8203705306226 30.0475978294129 4.2461268614426 44.3669854079411 38.2648087315 40.0493124314119 14.8449067987738 0.834728904398961 56.4067043334764 7.32047797639417 -47.2391417273536 74.6001988340431 12.4790158421286 -17.5153337426911 63.5390006855559 3.93492297539277 5.71599993863133 -16.6813768376383 -3.45874613024356 NA -50.4009204906724 NA
"10" NA NA 103.092211228056 -64.454811724057 25.3678134299845 7.76294585268894 -32.7548567156149 105.220330895652 49.0190705583347 9.13890701599886 51.6340119770847 50.1079170776654 20.8165167191383 44.516383596776 30.9938158898395 30.3230173760429 36.1998199503832 30.4782781475672 10.0341391694842 -13.9571700817574 31.7584731236767 60.6970760690323 41.3096669844134 7.41781919399261 -73.5650829782406 36.2402161065826 -28.829143659674 65.5188964830135 43.296955810421 NA
"11" NA -4.94039528608138 17.8189488950696 -46.5912842495096 NA 28.8849895733533 91.6903223229098 -36.9285131794256 -28.2145815733176 11.1299998804879 -5.36267647736676 3.45212477347467 43.8091983680637 36.6736129501298 33.1584511513427 40.6957578558423 46.0990666934582 6.72266391434434 -30.1413550653257 35.7794977608981 91.3612061486818 16.1591616066564 -4.3054103085214 46.7389441996675 -2.8490295178773 57.1137248324646 21.6308669675255 21.8456900802229 NA NA
"12" NA NA 48.6371498479608 9.62318797547623 -26.0324209118673 -12.0820945011173 3.40613977274342 -28.6213576358519 48.9883645674429 38.7854692204032 21.1194467010215 13.823800651963 31.6252052155297 26.2628696962278 22.2294601994384 44.0462770757999 21.2315810129562 8.71444946261157 21.7902102691182 49.2094770228557 1.87437079235702 -23.5084008934276 -36.0831645936115 -12.5313467275451 -3.23039711365761 -90.1291634947928 -2.96523864197886 25.250456982425 NA -43.5375800225679
"13" 64.2312249221711 NA 56.9598295769554 -1.77673041246863 -0.543689697626905 24.8425301886277 -14.500887871664 28.601631539682 10.2508838431574 15.3263291973711 50.266533100288 20.943979836359 33.1025721867562 5.18014077772267 20.7211032022796 10.5896249965477 13.1687407353769 3.39957357441394 1.72900175568195 -8.64425103700978 24.3308512421841 -14.9348518510321 25.8592418124871 -35.7725285071499 48.4881435971417 -29.800503235035 -58.0243813301414 -2.27508424993969 20.3898682499078 14.7169526923817
"14" NA -3.55632945062027 33.1548779102214 15.8623891901694 58.9361927420557 -3.70465889244734 -59.0636165052685 -7.85179117672859 18.8352213795905 -6.6739103374353 7.31814774629031 9.24088283781154 12.8613432529756 7.1692224828723 23.504831635811 5.10674981422389 16.1104208176157 4.40351529169265 -5.46934647319095 16.8295327656143 30.2639921340065 4.87119854516233 23.406212116097 -24.6717011991329 -14.246209797784 12.9253447710204 9.76946227601238 NA -19.2299340865702 -63.685397002469
"15" 51.8912600426791 NA 15.9800328543498 14.6914133747159 36.9501176684113 10.0511711303265 -15.9010288759685 5.06287175066404 -30.5332530443733 -3.62917082114606 7.03014388988508 8.73306292452211 15.700951838542 12.0124469333727 6.83779301171007 6.0675463954729 17.7714332895647 -9.03547578890529 -14.4906032834893 46.2358476982119 49.2836433029128 -19.5969639353981 22.2842720819852 -1.99646298821747 -58.2062181154575 4.92546600225965 63.0214481581496 NA 45.0699415695895 NA
"16" NA -40.2762413426861 -43.5333776203145 -77.4342254420071 10.1829573337138 -16.9721334344377 -6.68395985449823 51.6037517981112 -21.9879520174853 30.9178403604527 23.8854406427378 15.454380360181 23.2283556187611 -4.09752406174338 -17.1818394200238 -19.36789310555 10.7625741310348 -19.0753377327038 17.2682818463398 8.77811160414462 6.23807687468557 29.8268959206128 13.4857281111683 -15.7546253514169 -32.7021315956649 -58.3554563510708 10.5003877395189 NA NA -69.9788404079269
"17" -11.6004834803728 54.5874824033414 -0.940299508370006 -3.14321989507976 12.982096997869 63.0949020886709 -12.5905956316345 11.7943681390419 2.26271560627763 31.6701203657985 -7.26521474298028 5.19312810504278 -29.7589993900624 -9.23248424481827 -16.3397813789151 -15.8024888491575 -11.9535945029493 -12.0210169678065 -31.9270923798961 -8.3264166819203 8.26175332824434 22.5970721294962 3.93835907674357 -46.4189078886606 14.6176437690847 -29.4636254872518 27.30694039194 NA 9.13973808959393 79.7351347431119
"18" -12.8116553035175 NA 24.2454653888837 47.8999431227325 -67.7498850809952 33.7050598143781 22.2042123379189 -24.3866633973138 -34.2539754956259 -40.2222235733814 14.3470252336458 -13.2490627509628 6.14289523817442 -1.99767608460962 -25.4353090985016 -30.1462776343675 -29.0672556619236 -4.6895867820162 -16.5098949970999 -28.3960536090049 11.1633820294101 -26.4301682857072 13.2342377641689 -93.4436165605383 -22.0395819371507 -21.3356572039158 -43.9283585324615 NA -15.3893514247653 -32.9142936115758
"19" NA -10.8151063155724 -10.8824318043189 41.2672734224216 -54.8681287419933 -22.9701902847897 -10.009817444796 30.6733545113598 64.3939746920259 -25.9305096752385 11.0306213724079 -26.7410500527536 1.27990516439268 -17.1520777828449 -6.33724690429428 -38.6055739279561 -10.6119586330461 -28.2083579556525 -3.3583093404694 9.44145803439196 -20.4943941661036 -20.5399100295278 36.2124252339251 -60.2816699196442 -14.0183846253806 -58.127683112596 -42.932827421393 -104.442883654112 -7.57280768112699 -2.74423477674119
"20" NA 9.48285534607289 22.4740207559849 24.8187428586864 -23.8090209131266 NA -42.8576733831851 -28.6490736424004 -16.0997270458011 15.0396669303915 -19.1190554656051 31.1376665450372 -31.0766947315828 -21.0263670831257 -37.3438260127093 -36.3813549034196 -36.3797299513798 -18.7581511916765 -59.0973918709843 -39.5901484630697 -27.2227545959021 -29.0638523232529 7.39798803174809 -9.31992621446944 10.8153533466251 18.2307955145382 30.829048375942 NA -17.810952452726 NA
"21" NA 1.86919685287081 -24.8607786261342 -11.0662289184239 10.7492571258284 -7.70646378267449 -0.694431804581671 40.8655320582514 -5.96918988478409 -16.5898568408198 12.478936383613 -38.0965513823569 -41.7683721658559 -50.4891197142563 -39.9753522097058 -38.0720498933886 -23.7584697633254 -43.6119276511389 -13.8746811002714 -61.3096322302488 -16.8007427572222 -39.4551062134963 -12.1555674639653 -1.15137296773144 -45.3655937944057 -11.4832788860702 55.3604898404571 59.041425730854 -7.58541943013575 NA
"22" NA -66.0853979264699 4.94765059535524 -15.8966733366189 2.69676842856322 -29.1173985116346 -7.66993601243425 -16.0918027251666 -10.3092981732605 -30.9869660243417 -45.5442577181592 -22.1039846926005 -50.6155927932247 -48.690908940086 -55.3311809163351 -42.1798482121172 -51.9253586041071 -6.05928075171584 -13.7312775608719 -20.5642331625108 -12.9162270803357 -34.1276997125507 -9.65992730046357 1.2079111267941 -36.429260121873 -21.6614808403489 -40.9398355234964 NA -23.6965075405752 NA
"23" NA NA NA 25.8977940311796 NA 9.65302057703484 33.1325672284371 1.88417987529374 -43.7303536379547 -15.8485024001136 -35.5595844072517 -65.5890142935168 -50.920346459057 -68.9160070761538 -59.5014324570072 -68.5515441497567 -53.3681313905077 -58.3307959234937 -27.6170998058738 -48.2946718186638 -54.0811730994534 -10.1182524776607 29.280559714579 -19.8430956520244 NA -39.8940633530089 -40.8368901838056 9.14680505520193 NA NA
"24" NA NA NA -41.961397027982 50.1592678261365 -80.1709832203522 NA -46.9331725750495 23.9613975526556 -35.9496953162051 -77.410241029115 -102.993244361458 -29.3101021156099 -37.9581255674249 -50.162091711771 -30.3718491965136 -55.30065228746 -45.0935958910205 -22.4397265398168 -59.4331844339223 -49.0764888399869 13.1647793370588 17.0797331334683 -31.3114283057045 38.9655492845099 -134.176802355682 NA NA NA NA
"25" NA NA NA -16.9709061286457 NA -22.5072618688297 -83.7424632631183 -88.8564962651091 -8.54201183003717 13.1165903486308 -77.4765884376773 -23.4158635465283 -58.1619398186814 -52.5078968133674 -59.7421659137838 -73.772604052749 -54.2026863921936 -100.912894518829 -67.7008307461655 -75.0401487322307 24.8344739621003 2.50273977313401 -101.482937276165 -66.4633652634799 -143.645935002203 NA NA NA NA NA
"26" NA NA NA NA 81.3455084464263 NA -36.7351978027174 -193.407949057635 70.8911423056149 37.8683478996155 -36.4625762327481 -67.8803929872521 -65.3717413751734 -34.2583012692458 -61.9435771071847 -68.0356130358415 -75.8579256527983 -56.353868114861 -91.4778837246223 -34.2675542083742 8.19352705958897 30.3839054317252 -6.76505050458119 -35.8005968795782 88.6461483638967 -18.6719098133551 NA NA NA NA
"27" NA NA NA NA NA -46.8196327809976 -20.0554658116658 -73.4612837353226 -35.9863743738593 -62.8227797080177 -103.32726147753 -123.212891429669 -91.2717208279273 -62.2776222482766 -82.4881756696398 -90.0610663516628 -61.0935866702866 -68.533115452137 -102.116457446524 -87.7133697427025 -76.9325840831267 -137.330542479394 -77.6396824939427 -104.352339730438 1.69153335167793 NA NA NA NA NA
"28" NA NA NA NA NA NA NA NA 48.1853117186457 -74.5882627821636 -46.515343238181 -32.427330259045 -85.161706194154 -53.2298417858944 -68.5939191816037 -127.63987951166 -98.7821885668713 -110.39529495351 -120.127789583197 -18.2096615337379 -67.6698743127274 -106.08120705817 -18.0840994848816 NA NA NA NA NA NA NA
"29" NA NA NA NA NA NA NA NA NA -80.3169823844349 39.1922059795561 56.8308760815651 -72.0457722691167 -71.6817416464708 0.230196870128725 -69.1220809139423 -36.5782591168236 -54.4546255048705 -40.6841456536722 -116.66687732294 -28.8993014531013 -36.9568149758953 NA NA NA NA NA NA NA NA
"30" NA NA NA NA NA NA NA NA NA NA NA -92.1480771306518 -48.2371426650385 -73.359131284102 -73.1204522108541 -122.324888181207 -95.9409900446378 -117.531886562314 -51.659794818889 NA NA NA NA NA NA NA NA NA NA NA
