"V1" "V2" "V3" "V4" "V5" "V6" "V7" "V8" "V9" "V10" "V11" "V12" "V13" "V14" "V15" "V16" "V17" "V18" "V19" "V20" "V21" "V22" "V23" "V24" "V25" "V26" "V27" "V28" "V29" "V30"
"1" NA NA NA NA NA NA NA NA NA NA NA 51.9020730167852 39.4789354581075 62.9998530632898 63.2915338798674 84.7224798306898 60.0819232617909 45.8642421508701 46.7715881830381 NA NA NA NA NA NA NA NA NA NA NA
"2" NA NA NA NA NA NA NA NA 76.7254834438562 46.8873670780017 70.8434929250644 84.3232951614145 54.1450528157494 56.7985322186045 59.1171521317602 42.1987400581109 26.8220656708509 32.9517715807637 51.0799689376601 95.7758657538629 53.2007532326005 41.2734412131533 NA NA NA NA NA NA NA NA
"3" NA NA NA NA NA NA NA 134.827730279462 65.3544778745339 15.6930991390842 73.7902859820235 46.2588516121135 62.9681756712571 43.625389096678 63.2503639566205 46.0812731409257 65.039152185548 43.9562419095289 47.7667417811543 79.2022169601399 87.7770883638934 81.9283913591384 19.6116352722782 NA NA NA NA NA NA NA
"4" NA NA NA NA NA 64.991933008546 78.8170609159937 44.7450943778983 73.9419877131517 59.8043888070405 67.8439490792281 60.2348801530437 13.0658389602046 52.3226857730218 73.7624600507639 49.0145033930715 57.3898157720181 72.5007923063015 72.5436873675565 56.4927770691546 52.2058315220764 21.9043736743254 54.3473950978466 81.1017559074728 56.2018846294679 NA NA NA NA NA
"5" NA NA NA NA 56.6751506451481 45.8258457916279 37.1040568179116 16.7596428298057 48.0486349976153 57.3271112674207 25.3913166335818 64.1508319851793 24.8479259334867 52.4382068020939 56.02893855199 62.8944781309228 51.4984086213544 39.0602544405084 21.4180895322339 36.4113584248761 48.237381184063 90.8886116220821 15.6896504566883 37.5698345227726 74.5561521564384 -25.4008441627816 NA NA NA NA
"6" NA NA NA 53.6845271654997 159.456127350082 -9.37022423761819 39.771005948184 11.4855802042087 16.1104442528345 82.7601331903155 40.6936233387566 46.5682270538282 31.0495221021102 43.5720347819745 47.6548589349038 61.5862996417003 55.3573676239498 63.1276855409503 52.0412474596506 31.4652058394029 39.4846646790851 53.9432613042924 79.2290586508116 57.2947348730997 -9.70942068858804 39.1898238675951 20.1354267434938 NA NA NA
"7" NA NA NA -69.202131013728 95.6665603793573 5.53600698223182 -24.2074340033075 -14.8712704880913 8.73079617362144 -5.38165075092704 7.3995719493666 26.2761162451896 48.4733138000152 29.3676981849188 27.9922005233283 50.4051607995924 26.5585932117568 58.5609857783994 51.2309826764068 30.2313466689349 39.2249263252818 50.9295433208784 -7.21833473681918 17.1031402151446 22.4531318548336 78.243251917721 75.4643923746683 NA NA NA
"8" NA NA -92.6490425235504 32.0475571436431 55.607896546506 34.2448275127339 35.4633031479506 -3.61743575563738 -16.2341203489849 53.5932577337726 29.5336532829485 37.909770411515 13.3549013848439 35.7725308314887 34.2199449590474 14.8529874012081 38.2803769659576 56.7327334236286 32.5857982077945 38.4274895470985 52.9339892831016 63.8416017423185 -23.0691592305844 -12.7725494951268 -10.7616500373082 168.80750541426 -25.8785920392777 87.990604360184 NA NA
"9" NA -80.9343025918246 83.9799023840037 -20.8093270798056 4.47106635376509 -1.76149526962044 16.5443524840044 56.9289848542116 14.0559013115425 -9.95354977759238 30.574341541777 31.3799936042142 16.5546770063435 28.7838751794416 34.8154635937702 36.9557469917669 41.0705445599102 44.0531784424123 68.1360962285573 18.5604466622139 43.028622083125 9.40835466775671 64.7972183275506 30.2975835650837 -91.6596542078769 -81.1674515853061 -1.90520905886599 34.522088452758 62.5115853974315 NA
"10" NA -119.587786533854 -32.4456572927975 -62.179999282502 -98.0810806311594 7.82577142670074 -28.6225915352093 75.3765881314137 55.7537622141124 47.5156764778592 20.0809542342757 24.4832428879772 34.0924819094818 30.180550759215 18.4157672086471 37.8340885215158 24.5211534701306 51.274739837145 29.3704933282715 96.9496859656476 -13.2960930170458 9.99017856037552 -7.40147894152826 -8.65014897921364 16.9345433983729 52.8175700054638 58.134854039724 -61.9743348164539 -3.84785448279347 NA
"11" NA -26.3108362360372 17.674278701982 -73.5161192311078 -90.3793154397619 -13.7131222001256 -5.47104954588252 -1.14515811432534 -73.1699713132782 16.2838281251718 27.0766605052472 0.926724295171518 18.0900085090542 16.1771819013052 23.6906467993833 23.5505860741846 21.8936799914898 36.9869576971983 10.74338210649 63.6068667972959 30.674883181063 30.9265591925223 64.9642830621593 -32.4612315992743 29.5682057740733 104.598080157172 -45.3081340949095 12.233013433989 36.9719255907676 NA
"12" -40.4468158849144 18.9414429605 66.9575777538186 70.7577449511201 -83.495785678507 42.5926426179287 18.180862066145 54.7765579783594 58.2915548197275 73.042514537368 7.59048570192108 35.8992658075379 19.0125552744244 20.2760449434872 15.1966480829233 19.9050741777807 36.0592977505867 -6.81348144156873 21.8462393632965 -1.84933701233897 -13.8916971987918 33.1968394996429 43.2996776941694 64.6701431017963 47.2193053705141 55.6794587902157 -4.27233882493475 -8.22492388061207 82.2922693125834 -88.6479473963457
"13" NA 123.687164771172 -3.32596097278636 -15.3382202860506 -71.8251643248048 24.2366808216333 -15.4465128020407 -34.5491670107671 38.3384121301923 17.2352875537537 13.8260119549086 28.7191436548894 12.8430158011334 15.6787557525269 20.6740508049187 28.2152838231358 17.3300721260457 49.4097542599174 30.8012658436878 -11.4937801153371 18.4743349142053 67.3365237396843 36.3997309190381 37.7963930848255 -48.1171874946413 -13.0678399888962 142.52939684672 48.8167768559338 -21.3475237491246 128.511409430611
"14" -59.0393670847125 53.5955381328781 NA 59.6580302435833 -125.265004710574 -5.95412574186683 61.6095244479199 12.3630874806233 54.1988115227327 3.80792732245717 15.2740920822162 14.2111562726582 1.57068442234292 15.0823014327212 16.1938557950278 6.97285120744702 27.0621068455657 12.9783325929231 11.3649758289847 -1.15142062298638 5.72844843446281 14.9113372223553 1.92342508085695 20.4046831546666 61.7795427541266 19.5222975907194 -20.2990425349345 -44.3600207868603 -158.669821076632 -99.6191623614108
"15" -59.5652980432924 98.5797691424032 -18.3004263459942 -126.314454345306 -24.0534591297149 71.4990472081163 59.8143281759301 -1.97213608418741 14.1558338771849 -9.02965449281519 -10.6754410524908 5.06331805696659 -0.992862898002956 1.19314110954904 11.3721310082474 1.25127905471533 1.78835841233019 -6.95118465541141 35.37261947737 -1.91777177358294 -2.98834338046603 -21.2627894402842 -8.03568638073564 2.00852323938427 99.1541196012849 -24.5153921848136 27.2513476679184 -65.2762443439819 204.277722057725 185.061359794344
"16" NA -174.805736518172 21.5725475889113 42.3607283107678 9.08451216980983 -75.3447158207318 -47.8789064189821 68.1398321242399 -47.3508403158335 17.4008731282309 23.7499241860452 -21.5019679273182 2.84933188013688 4.2529320367453 -2.81931844606668 5.81821754609765 5.32909714664745 29.091167135018 -18.5504350579266 29.6998275868178 0.760472729854965 107.613437876633 -47.3119389395607 32.6075988744412 -38.0940809015331 57.3573674415152 -24.8766121097856 19.2073975041684 8.7389843179762 101.893432195353
"17" -4.3500242744891 -19.958726454904 -53.4854336318846 -166.943091663606 -80.9329821228401 78.9137559701731 -49.8167997124906 27.2349321362285 -27.519925723357 -34.5382606298092 -17.2913123992793 -19.8394083340533 -1.65443143701437 -2.0201765700775 -4.3736771790917 -6.18354984565595 -8.83814830566765 4.8616767211863 7.56897293223205 1.56137694497593 -41.3937733161239 -12.9115983037879 -0.173918986061662 -51.0989714959292 -101.54010113588 9.52402300905084 63.8809929071055 -80.3935470234749 -49.3479597264802 55.3782582781817
"18" 162.743624543823 -122.087170813495 -49.7861444253318 -56.5398003602552 -26.1677364163257 -31.856662296954 -62.4582239596005 -41.3198365652842 14.2579676451146 1.89640255799343 -3.44562001277402 -37.065535624998 -18.7157603797285 1.05972518706381 -3.58261131803706 -13.4370549844609 -8.74186105346856 -2.17948942437068 13.9198404166596 -28.5799304694315 -7.73740199080364 22.0492948903562 -29.6663567778314 -41.227471544375 -81.8070445241963 4.69874926376564 -39.8208561581978 19.7200345241896 9.26639066130815 -73.9574632713131
"19" -18.8439321436794 -1.66373589173374 20.1456938839199 -58.417765059107 -36.5566772289431 -72.1771730780397 16.5183994838325 -89.3463618107646 -45.6283719652056 -57.5218583057783 -40.9224630813716 -47.9116620166722 -17.3618342737201 -17.347241452065 -22.0881010394292 -21.7672390931117 -26.124210242472 0.645284574208215 -30.4418548862284 13.446504715298 -30.9147973757119 -25.2946303530756 -39.2314448206901 -45.53330532217 25.7431009326557 -57.5713007894975 -66.8600737940496 23.8444829392203 -5.35052090551349 -66.6168563968166
"20" NA -26.4550590110117 -49.6152021987047 44.0078266382455 -19.7838530488078 -11.846446890798 -37.8486815778611 -22.0331513863464 -3.93758250529086 -22.7248449571415 -23.7939716772254 -50.2740837740186 -41.044925339081 -43.0438322640342 -23.7859952955381 -14.3170197752886 -10.750002775466 -33.0293400132731 -13.9276010264387 -26.2557354465644 -33.4701628882901 10.4702863622043 -20.2707077039752 -17.6478973091502 13.1763972841016 195.807645724733 71.7990987975386 26.5189881649256 44.470333705587 NA
"21" NA 85.6352622277498 46.4365639130563 44.5269663187408 -47.9355872797868 -44.6935081469894 -91.506235937331 -49.1973555741971 28.2169024240609 -51.7280899728265 -54.1485774698376 -37.3154735153295 -19.7011359674575 -45.9876187096017 -47.5311750194286 -16.5587097181502 -38.8497110222309 -33.122350503791 -61.6018238668875 -20.3313642758365 -82.0974291457104 16.1716563667193 -32.1847508984115 -29.1350821800952 -9.20633436393032 -3.76310647450424 92.1821348680646 -11.9557315534931 -5.80817284783757 NA
"22" NA -16.2749144626426 -10.3819623036265 -43.1517349741938 -154.169344201671 -69.5959527760184 -26.9750427572043 18.1374425314723 -80.4326268851234 -67.5601498660728 -71.2734044763376 -49.1045882959804 -28.5355290341654 -27.1387420960409 -36.5719001130871 -41.9547417178802 -33.3354565698147 -25.3785299728212 -27.8603083515357 -50.1987795071138 -54.9232748507457 -32.0093018976679 -100.848700082507 -96.7596059041497 15.7803437128667 -45.0828536667058 -45.6681758927841 33.6952633730452 7.25682456970698 NA
"23" NA NA 1.38590613610985 -6.88393886675701 45.2701408608526 -105.752822391771 -13.7430558409435 2.00681714372923 -23.7562438512793 -52.7161767967262 -78.1910314122244 -17.0716200186313 -46.8008762016103 -49.3959968778417 -26.0280217491451 -37.12998064106 -32.9707511797107 -53.8163043085162 -29.5158491347956 -52.2910888258614 -58.2968910839794 -13.2371944643726 -25.2113958246154 -73.2615082949884 13.0693723838053 72.1981585616708 40.2172537989476 -94.1199478036105 NA NA
"24" NA NA NA -47.8486155997397 -97.4090751413174 -21.9858965393835 -38.8426496798919 -84.0022122533695 -71.1777718734324 -39.2754561482031 -47.5952208302112 -23.3934362319862 -70.715624300868 -25.6269582961603 -28.0670096434178 -50.2856346788708 -19.7080369514359 -31.0021043101746 -37.8756771462079 -36.3271498013949 -68.9660686286457 -45.1398118172271 23.5521941785779 -4.65164084903655 -22.8790840060687 -36.8980079670174 26.4734926601806 NA NA NA
"25" NA NA NA 14.6536906263854 -25.9369332623327 -60.160698413868 -8.11714448469135 -111.948448192554 -49.8197819417405 -66.8338716982058 -75.4002100909007 -52.0881198083626 -28.3196309635684 -46.7083420870248 -40.7926134560161 -51.315017453452 -49.0128917666599 -39.8051373253063 -68.4196452163692 -60.3114398183512 -17.3038106745046 -62.5683731004865 -16.9810068175702 4.75887620377532 -146.72924419656 -7.85856933122895 113.827223538578 NA NA NA
"26" NA NA NA NA -108.373537042612 5.14733725164795 17.3614160260275 -39.2421901542256 -86.3579962695236 -56.1318362900101 -22.7592912929248 -52.0641925080684 -48.0430181622613 -40.6036963674564 -32.1847922308119 -49.4898748177279 -36.8248729897486 -32.2380754683701 -48.2489165804013 -51.13462287946 -79.3980223154887 -19.3903911996332 -30.738959316102 -36.0966174747921 -149.620174902806 -52.580126273134 NA NA NA NA
"27" NA NA NA NA NA 14.2823496553512 -148.248350832449 -119.190714413275 -73.4772376662428 -90.9468528946114 -87.070654388289 -3.08127060499718 -62.4093676406384 -46.3103894950619 -41.7750304150724 -54.6161779937935 -48.8457323122275 -48.1966187939711 -38.2601945296076 -36.204791434873 -49.9505439425926 -23.3017135058732 -40.0372708201436 -34.2260233519853 1.72153319684608 NA NA NA NA NA
"28" NA NA NA NA NA NA NA -31.9519110135823 -104.926030604167 -47.9945300211284 -37.673381193151 -63.0697192579296 -34.6211403935224 -59.0669875721559 -57.1409285031433 -58.9128612853275 -64.9785122253309 -45.5250153014879 -65.9178320223878 -71.7845761702348 -32.8394885944477 -36.1070848665805 -14.7495435592944 NA NA NA NA NA NA NA
"29" NA NA NA NA NA NA NA NA -66.2896579301699 -126.025569426762 -92.116712128594 -53.4918322406362 -34.5152822930413 -64.0489206550176 -62.5339011735556 -32.8554559823269 -91.3635678508773 -40.667739410904 -68.7614131658854 -84.0352590095398 -50.6978598736819 -45.1350406308903 NA NA NA NA NA NA NA NA
"30" NA NA NA NA NA NA NA NA NA NA NA -89.6989334946144 -41.0707756635721 -30.2597257796459 -61.0444131730287 -49.3450269036801 -27.4282456356031 -39.4982017120539 -32.0906796549592 NA NA NA NA NA NA NA NA NA NA NA
