"V1" "V2" "V3" "V4" "V5" "V6" "V7" "V8" "V9" "V10" "V11" "V12" "V13" "V14" "V15" "V16" "V17" "V18" "V19" "V20" "V21" "V22" "V23" "V24" "V25" "V26" "V27" "V28" "V29" "V30"
"1" NA NA NA NA NA NA NA NA NA NA NA 29.4122142522836 -29.7432265583899 35.806185264115 60.2046200685763 -8.71930156416594 -18.8848270465106 -117.763672879827 29.8814066542967 NA NA NA NA NA NA NA NA NA NA NA
"2" NA NA NA NA NA NA NA NA -112.534370415349 -5.03828947019958 0.740221787265211 72.7988679904811 -13.3386040965163 -22.1766118448719 40.3347848642388 -50.7299403629855 -3.03968402502983 -78.0592870708819 42.4603417311915 -63.8973876954426 -3.21832839634244 -17.9728734281232 NA NA NA NA NA NA NA NA
"3" NA NA NA NA NA NA NA -21.1918698655571 1.85366174984066 -80.8111137546579 41.7922873358117 44.7119823154017 -50.829300264233 -25.1412655201893 -21.2900438234993 -9.16443573906043 48.7566242708528 30.5056718634154 0.208075330775169 59.0281096301276 37.8850725556214 -6.46351585248927 63.58806067084 NA NA NA NA NA NA NA
"4" NA NA NA NA NA 8.12010423489311 11.1597950864207 -22.9483674062064 -7.90646174624801 30.5751012281919 29.8690678238726 37.6432521346688 20.7793440312074 -6.65281035198427 42.6389591801271 8.51990448878151 -5.11930839971337 -43.3452566287055 28.4907735313442 62.980850928713 -48.4796699092099 23.466299574603 54.176316168095 39.3216342338122 28.1239518854049 NA NA NA NA NA
"5" NA NA NA NA -33.9722273938998 -33.3335115060214 37.5190779529792 -59.0472750115336 131.021288431104 26.2876796826624 -5.07735428129845 -2.73728481217115 33.8215157766496 -18.1302971560664 14.5728816337898 19.0074488478291 43.0749135727759 -1.51216574594389 -9.85861168623909 83.7541688742062 20.4050134686096 19.2965118855088 -45.9767213246405 25.8315194269807 125.484656920092 -20.48343574278 NA NA NA NA
"6" NA NA NA 15.2754656343301 2.05830106262293 -87.2438786537295 18.3561097209152 10.6613321979782 -37.0707776963989 -3.57915040405188 -31.4253761773492 -8.10951616812626 40.2469470815221 -17.5638647711498 3.2517243699701 -11.6440437677449 12.3760888506933 38.113582460705 42.1463299754515 27.0360129872896 48.9016922045969 96.1029132870557 26.9804327076891 -121.214813409107 -95.3307648213688 -52.9578060895068 3.76587081034755 NA NA NA
"7" NA NA NA 15.4620356901339 104.170333262275 37.1776142411402 -68.7555267867915 -69.1173315074725 13.5293559963231 -38.3715632315561 -38.128517475628 34.9488218916208 3.36020865144063 -22.345265656187 11.6676287614752 16.3943399810587 51.9265197950955 10.2087592428933 37.5609791590207 43.6918255121103 11.4547139653496 50.0628143329114 29.131156425144 45.7319801541259 45.5914121459452 19.1725352377595 -72.9420086575741 NA NA NA
"8" NA NA -0.866047545711603 -44.4641707405798 102.706422074916 17.442145120871 18.2555126575142 3.30648554576148 -22.1146575917424 33.8580992474622 -9.77709545530856 -23.9599303526991 4.52374365353633 -7.06774651313495 9.73361334898903 -9.68933429436887 -14.1179496301394 6.9617358243829 -4.13383501708881 83.6553714226791 -3.6847810435712 49.6732273886825 -59.1951919279917 6.43883588934316 -8.18313828803449 -69.9463922941891 -109.746021515855 61.208164642493 NA NA
"9" NA -108.184581100235 28.2247793102699 58.2890217437144 -139.748061777133 30.4266075765633 -50.6758108584883 13.3956280291852 52.9701950472541 8.99278509950333 13.6824504085151 -36.0818551317177 3.66470942359047 -2.64290418189892 10.5624248079889 14.6219349006455 9.92870171953161 22.9134567159275 22.4328478432954 4.18733739768627 47.3079274527981 -36.1675108204488 25.1114274493919 -55.4903574247842 -79.007738120324 14.6539844598263 37.0688842987229 122.210144418582 24.3248780144787 NA
"10" NA -31.1462687968982 -91.8970724511184 -9.0998371252664 -26.7372652644723 -106.750735723236 134.078422539101 44.0326664400866 26.8934532996862 -7.76266740888781 27.2020298965579 -11.6247586895227 -17.0806977852911 20.6253723678065 -2.00045187661964 11.6493408761167 0.000684843935399984 16.0705619052119 28.4909811612694 7.07646050090074 1.63090802459713 1.93019491337198 -72.6203414454969 -20.4677071382306 -35.3846311312664 38.4956634875434 -40.7854921873717 -16.394943494342 114.900783001432 NA
"11" NA -117.007259879081 -36.7113782732809 24.6755760673791 40.7732861134358 -69.5309265832253 -12.5825341511229 -58.7639113881305 -44.5812825528588 -15.7900645593176 -50.0495427411835 11.6762952747092 -47.5054736492138 0.8428819721288 -9.91686179168976 4.97580484579513 13.8330484554653 1.12687480955925 31.2627686128775 22.2938846753118 18.1833180777609 10.3134629390629 38.1852057775357 -5.58121784975206 26.789824709624 -76.1495398466596 -24.1346908128106 135.836674484527 -24.8725954983062 NA
"12" -3.50770829216832 -21.4802172435552 27.7084544756556 -124.050105311108 -21.9348073662027 -65.8796434498739 29.1302863790811 -46.2941494207062 59.6420767349184 -46.3736235344734 22.144847244364 13.6706729039894 8.01687627629111 -7.1176654834998 2.5333375942406 -4.10029638942021 6.13006154900839 -4.14198784429071 5.96996365054324 10.3995299881148 20.1530559064418 27.8335224492662 38.7485377388431 17.0321822141241 40.9526365716552 -6.42533253395223 -2.73605030627524 -7.39943818151084 113.341253271451 8.27334134187782
"13" 39.7955338278439 34.4566168004656 -127.176603628799 -43.5738238674991 -52.7177774830496 -35.2216210520983 77.3598325900911 20.0384605110449 26.0272135221433 10.4693655391598 11.2505660582378 -38.8128032102159 -10.2352948641358 -19.3075730719468 4.99200969343154 -3.06733921695305 -1.83650704689342 49.7883782423165 -21.313421004689 65.5288441523937 -24.8240769052228 28.4022626877157 -17.2393035765969 -21.302054093559 -2.20074622749997 -48.8359100195154 83.5195329229716 -20.4569908832335 -52.584172965944 75.2353518748351
"14" 36.9053384763988 55.4259428599405 79.5612703681758 3.41838340714996 20.9261382092976 -6.11047128433841 -10.2900068909274 -54.3561893024339 -52.8957357564756 -22.9066699700604 -51.2148241172638 -15.5336506100255 -17.2989389486856 -6.18526875028805 -3.31050756409132 -7.81720635232012 15.347498460548 -15.1811992438302 -2.89440097754911 -20.0728379056667 88.155084742682 -1.78659980508584 59.4446549781106 0.644213062965055 4.42264637315122 27.2185296263025 14.2456075747351 2.27164200538375 -37.2646695757492 -90.8790035154376
"15" -34.2179787685075 -81.6363533313653 3.44373259633625 -3.02865217199288 0.564725250588859 -128.305167490375 -65.1532997405672 -72.7120966351073 -47.682571123839 16.5950916180707 0.165131778921578 18.570375421766 7.30409696619649 -22.7634138049733 -16.8494956330699 8.33877197924603 -3.64018152701901 21.7771553613553 -36.6130661833213 -9.63209803399901 45.4743684170151 82.0017407740086 58.6696720514438 -47.0500743273262 2.87331533820973 30.2037080245123 -26.5718747207848 -19.6644124637498 24.395187753705 25.4804895091844
"16" -34.8715289554882 -17.2137190568417 -66.1642493351359 -56.6405599501956 67.3531123025218 88.3083961975526 -22.5848702967538 10.233363870772 -57.395252261204 2.82736231189969 -40.7129055450223 1.14782971929766 -17.8621024255228 -5.04916623724092 -4.65610475674087 -2.21453767618085 14.9443937072561 -7.69678018049357 55.6995195808122 28.0638180466914 -0.114196289585049 -1.32113611057348 51.1216493209194 -13.9003950626673 16.7383075062536 -47.2917932146038 103.811124504606 163.538785493372 -2.12019641762913 -20.6176689130246
"17" 11.3081299127009 14.39044514378 8.79709093003889 -63.3659670182777 -140.307107604648 17.3523198034447 16.396488599531 -102.160654935998 -37.1182347424304 -19.4854321770148 -27.2614544041297 9.63839527073124 -9.66181374443773 -29.0173431186155 -5.52971736552304 -2.46999124801653 8.9523347121272 4.64034990726402 8.93937487811029 26.7531866396932 -9.83282734331502 -57.3811675398377 74.3473111867001 6.17280518319059 -3.50304301593632 -71.2227981509242 -132.690376592149 56.3178006667924 -13.6874053765755 -9.61939006175903
"18" -28.7504599057045 -143.351666556333 -31.0236941342699 -5.45184855758581 -155.851387737907 18.6290973451468 -63.5679832576307 -35.7908484790149 -27.2997345967735 -0.10308647185644 -48.3401135994368 -3.48269814334066 5.6942002124309 -38.4354475449399 -9.04248863536078 0.578290286229484 12.5367830382249 32.3849988236662 22.3806409179587 16.6092168261782 -43.3630453472124 114.183977445349 24.0323721979534 4.6770718109655 44.745669398619 -16.6086528858328 68.0586193585696 -0.969909079153838 -7.31710962786539 105.440834990379
"19" -86.7729499700886 -20.861665403712 0.672152363796414 8.17035865457014 52.5760339775115 0.0345868786052279 -79.1069671793866 -18.8916832813231 26.2947271823009 -5.17184520242169 -96.4265157964907 15.9167503125648 -22.2706966942245 -31.8017738205651 3.25898662357952 -6.94030738192026 -10.889092107744 21.9845638561786 31.6019391104492 21.4053847724783 19.1528681387769 20.6038939639323 7.57426692637767 -12.5758002341135 102.815523977979 -25.7727041346315 -6.85800224241155 93.1179542751164 20.5773044993863 106.235950431149
"20" NA -91.5229668967144 77.8383470301093 -128.640675061639 50.1847103134745 4.13077741535564 -14.8155886136529 -47.456086193675 -44.2066169814062 -3.03373612634465 -84.6022950867113 -23.4054631729705 -42.4434833703374 -8.83948712733709 -14.0940228246528 2.21442923630453 -9.82432981401378 -6.99592539328832 3.30267343000194 -8.92091744940785 -21.1387786309746 -48.1837625485432 12.4422172919079 94.1461072123489 17.4066529777011 51.8859294703115 -14.0693392614195 31.8798760096472 -18.321351495903 NA
"21" NA 2.77021659216201 14.2227300595946 37.7244730308404 -19.2501506786815 31.5308825303305 -42.5262958880218 8.70948586180092 16.0759049910763 -9.32878850749083 -16.8612059310293 -41.4504510921784 -28.6748238715012 -20.3137251735683 -5.70776760000261 0.928492914958341 9.68696594949776 0.700906853460944 23.5571464740655 14.5405136452023 27.2448158794478 -53.2889319181963 25.1066136958045 40.1434082440287 51.0948222987422 -1.24161150531375 -59.3887659637376 173.366170016211 -44.6133443406019 NA
"22" NA -71.0932593641508 8.50616288418504 12.7102770516153 157.110708890636 70.9534712389871 22.6440025482409 -50.5557742867595 -45.284886159371 -43.9396630683929 23.6276588616009 -14.4323408290319 -0.3462371206913 -25.7629253020396 -21.9343747638236 4.72942595040108 5.13002139629889 -10.3746779131672 -25.7349899672808 14.3873964099777 -13.854386497738 2.18311895861037 71.2592098709389 40.7803434835582 28.5859978104085 20.3986332658844 56.101159049744 37.2658736093864 28.8178416429501 NA
"23" NA NA 133.584705471565 -14.5830303702795 2.13479454499583 -82.3332658654913 -9.08274495256958 15.0527504166739 34.7839541712974 -27.8947853516279 -49.2761651393671 -3.53944514502158 -15.7894348702238 10.9257272891461 3.63208549951347 -10.8974946116758 -2.92299608069542 -14.6022536871259 -9.36972280702367 27.8165938051934 55.2657493116063 32.7160012617308 66.7271198664484 -43.0556939139619 108.71043135832 -107.597029768021 7.25344860443013 48.6974457345116 NA NA
"24" NA NA NA -9.17857536247899 -41.9286145958068 -2.89612095527956 29.0379323820725 -41.5313678849443 -5.68379017175785 19.3173460820628 -5.06984053848869 4.39445275437079 -39.8735509880128 -27.5693940887803 -38.3695472221764 -15.7311100757459 17.1316023407904 -21.7978898452108 32.6692296701401 -43.1966995430593 57.7333938243786 79.9838779550405 16.2282839112306 -28.8580948223955 55.1769746775532 20.3364220311466 33.0049526665815 NA NA NA
"25" NA NA NA 11.1961592429655 -50.6809706155057 99.9062304106361 21.725339405588 -17.3477226561247 -34.7837431981071 2.06948146628568 -20.151521210103 -16.7022119606469 -24.830080512263 -26.4307866859751 -3.04256929878599 -11.0141797662169 -3.69378097578229 -10.0150725734051 -30.9916361086869 73.5402357772117 47.096333764881 46.0367865049288 33.9331132442134 -47.9658345625954 -10.2321828715936 -17.8151583652479 -58.3496215931299 NA NA NA
"26" NA NA NA NA -120.847500207246 43.0384542606717 -53.1648548370074 125.665089801972 -12.1444992117163 99.4119525259775 15.4400157138629 24.0127515334777 5.26452321108704 -42.7955213782704 -5.24587551265477 -8.51134341688559 44.8732487368751 13.5756618148391 -64.2189293652881 -62.6019911571689 15.7349714798768 46.180032699505 31.0346112919853 85.2405661915236 -59.7597301812767 27.2134256621769 NA NA NA NA
"27" NA NA NA NA NA -73.2642118360529 73.7572379350879 -5.19928588610041 72.4767751370076 43.3894391690168 -3.90160562130053 66.477484952521 -24.561404643463 11.8840469286798 -14.7790883226443 -47.8998283105825 -35.0660430082119 64.4744705306464 -58.0222729479189 83.7400913693117 -79.6719641426866 85.5307611793686 -34.6865455376462 -5.53859392019675 17.2323333313195 NA NA NA NA NA
"28" NA NA NA NA NA NA NA -58.0208219269834 -7.80204893987638 -14.6302696226189 -71.9293942586753 -25.5113661078049 -17.6438338870909 -58.4658430100282 -71.6455035449715 15.6736073150736 -73.8011336861487 -32.8698178992934 41.429940509157 -38.3981234015147 -3.45028191754145 -20.9808384477208 -164.618162769429 NA NA NA NA NA NA NA
"29" NA NA NA NA NA NA NA NA -11.0260138571997 -81.3265350093281 135.796374298019 -2.9912738151766 -16.9009995341323 -6.91919966482271 15.6580695691932 -107.801410889489 -20.1434510280393 74.0964252028761 -45.6543542063167 -28.6537901600944 1.70490188568581 -48.4109611068449 NA NA NA NA NA NA NA NA
"30" NA NA NA NA NA NA NA NA NA NA NA -42.4159504662008 -165.27275666685 -13.4806153802532 -63.5015495995185 44.1441690630008 1.83393836312215 -43.2546804282701 47.8449979516891 NA NA NA NA NA NA NA NA NA NA NA
