"V1" "V2" "V3" "V4" "V5" "V6" "V7" "V8" "V9" "V10" "V11" "V12" "V13" "V14" "V15" "V16" "V17" "V18" "V19" "V20" "V21" "V22" "V23" "V24" "V25" "V26" "V27" "V28" "V29" "V30"
"1" NA NA NA NA NA NA NA NA NA NA NA 103.196602642287 112.056826399922 113.099917560816 124.558787520002 106.536208151653 107.186219853774 62.3791809647528 91.9875532171045 NA NA NA NA NA NA NA NA NA NA NA
"2" NA NA NA NA NA NA NA NA 34.7102367561832 62.8158399047247 7.99107247314468 56.9155336759719 82.1945150338648 136.808224687225 147.414573098924 100.422047596247 111.846137997593 124.242969970285 44.0067879518552 101.452887833406 20.5369077779251 43.5762726775138 NA NA NA NA NA NA NA NA
"3" NA NA NA NA NA NA NA 103.1506415127 49.7257293162839 -14.0754707888147 108.186812601325 62.8170229779743 78.3912611593141 102.766986216941 75.6648565138053 96.3530609229338 70.9304949227559 103.286413310532 55.6716559839363 47.7630506488843 -98.130567925194 34.2635325709826 14.4815045134976 NA NA NA NA NA NA NA
"4" NA NA NA NA NA -48.3761412152086 -39.8549623574406 11.1983627589818 3.55589528820828 5.9687913109111 34.4866294833062 67.1879120040152 78.0990154789443 106.369729197305 109.719704868406 94.0185328158402 93.3281130986176 62.5332491121551 96.9206782411892 19.5128717142472 80.9884081508915 -5.11259428790436 72.5747077874145 -33.8724772841353 71.9304911843295 NA NA NA NA NA
"5" NA NA NA NA 15.8626451352345 51.9843307996443 12.356298418137 -4.56802910151461 35.4618727718256 -0.756828044440396 15.2519746177166 34.3257197691392 72.3777985161134 93.2989928393156 87.1033214296263 81.3790670743408 107.489877924834 90.3091293356207 81.1616094144679 84.4672188042372 71.4213138775284 70.1710111793758 30.2018816876378 -48.388290291045 -68.3932297274972 -32.6277937033333 NA NA NA NA
"6" NA NA NA 21.5817234494744 37.3228241163879 -35.2446922285195 47.6535941451017 2.31523470938085 25.578644235665 69.7512274994774 104.393588787134 32.5316174591528 86.466712231974 89.2375187196515 102.168846827479 103.95634466137 77.7855610574498 71.650226456626 64.0698472011555 75.9384776103008 63.8372862190605 45.133958771013 -11.625835935513 69.7726118602501 -9.21145164211378 4.62452351369025 -59.3633009451523 NA NA NA
"7" NA NA NA -6.22858780581012 15.8549479900239 58.8857418677582 -16.7460241996884 -1.15077973080315 58.2371981156467 4.03771401254386 40.4632854865691 71.6536230234364 74.3982963925569 74.901868255464 82.5270058457456 100.508309555513 79.6939168853666 46.8676720790988 86.1564630188138 37.4468401705844 89.6208815311226 -29.0103252267252 91.7725469306351 -74.7628444329652 17.7802199163163 18.2847537736839 2.57620076137433 NA NA NA
"8" NA NA -52.7851699849383 20.677556320045 23.3544874482279 21.1082724022615 -146.285592379093 24.5983834170952 1.93937813464748 16.6851500667859 21.2119575325651 -4.04910129634673 69.910616836205 94.7109021824468 88.0306519774322 96.7480076564274 105.818414203684 39.7440328111879 46.3769644831912 33.7350000969631 47.688335540122 20.5403306060573 69.3798205850792 25.411335586325 42.190171523893 10.5448040590165 -20.7385732957104 -62.4213292192691 NA NA
"9" NA -35.8596785320774 174.864273713927 1.19239166895936 34.1750119726304 -44.6183229177332 -71.0401321593057 9.62540039137585 22.3261984450471 2.52675289536091 32.7123426246909 80.9523700132861 49.5323162250107 45.3076081450562 71.8812787351359 83.3802312208172 78.6247467500393 50.089830309177 90.7724968166791 52.8536353488583 15.3126264582923 28.370547875722 31.9470986892811 26.0672101668693 46.2894140464452 154.248978149441 143.171767148861 -145.279945049208 24.1314478707689 NA
"10" NA -49.9965267114085 3.89115714380283 -0.675710712383862 -19.1254753848983 67.8506556241002 37.3016920346999 33.5548389070826 64.0428895615278 -2.91050609296084 24.4669650073451 43.5205567100069 63.2121980401474 64.2436596865958 82.6056492335739 86.5586474821361 61.1300898813748 48.4607219498752 48.5624327452759 11.9479656158554 2.63002609667647 -4.73608122765646 28.3822001045294 16.5551961205484 21.3520248443632 6.50174082024326 -3.58715681816678 -21.5388853234377 40.2297321949305 NA
"11" NA 25.6809952316151 -25.8820398868023 -33.5700913367153 -33.853916682766 14.356596247434 -38.9916844624039 26.9859206950017 -10.5878331546351 -9.46352342835577 24.925108538508 49.0246216572297 40.1601557933681 53.198016933657 67.3032582802764 66.5821646057611 62.3733882796304 56.7825885618757 20.6734007745748 28.5581267719328 27.8338703480884 15.1633800534861 -26.8697642478954 -18.6670378683786 13.8952980142196 76.4729662453765 -121.695818213899 129.004855730363 120.495664300684 NA
"12" -120.448876496554 5.22897927285625 -41.3054550762438 -26.059883590832 60.2876396491569 -10.4062265581213 37.6457481069907 30.3021770196116 -23.7759869082795 54.6794705311261 33.7279925675715 46.9857560612583 15.462864155876 33.925922890706 48.2827040772151 51.7285176474582 49.7444267182619 20.6742866848403 51.4291499852487 -0.161583993085003 10.1732331178032 -29.5745737546278 -19.4874042989804 -74.8281570419539 3.36337005493705 161.409260187591 27.6007430732392 20.4376119764598 -2.19914965138025 86.0981552054786
"13" 55.1129177445932 -44.9297047411475 -36.0781481667271 31.8752391398187 -54.9754190059826 36.4836305401621 -28.7631905270173 -21.5289899931127 48.6452309120077 36.837679038522 43.7781832537982 29.4001635904891 27.4560511922442 25.3061907402867 47.1766689464026 46.2393794868581 40.2261031697108 27.5666732725742 2.20294095441966 -5.08084853576988 43.5824023151143 -6.57894758061956 -5.30793721332622 3.00885861103749 15.7895130203778 -14.4602255514978 -19.7279028903778 1.15879305635901 -33.4434087669094 31.8557343412233
"14" 229.689195585422 18.9944389059089 -20.8282389003723 -22.7816515037138 -2.48441556580587 35.0261188484637 11.8640508294095 -94.2861367972606 61.4549089002965 44.9024561523672 5.49152267247679 9.04528338737487 10.6548512481151 28.188511252176 15.1885383574709 32.3389482898282 33.7740603786579 1.24070625644436 34.3363833801166 1.67433009913469 -31.7997383697996 -21.4940115615748 72.1766988749765 38.4422823576559 -10.4659414080457 -3.942086059487 -5.41223174784859 13.6039871175694 108.057222929357 -211.131248546176
"15" -64.4052085661974 24.4806141829654 -124.010697502897 -34.3012571917039 16.6623057776063 -57.5514582834305 26.2758680898624 -2.21617639981496 -19.9644776561897 30.9013850140247 13.7680545984178 -13.3355493153087 -6.96915994677872 -4.62593085654666 1.9414431896624 21.3233914011052 -3.18731460964573 1.5042005823455 -14.2608060679908 44.5161443086175 10.8969931890072 47.3669098680581 1.66932112440181 -13.8015205348922 -7.74920848290656 36.7145064139696 -27.4956673471001 20.1875869163882 -93.3097425077648 59.0353402146583
"16" -57.9783910790933 31.4604407341684 76.9109584494178 12.0901272426201 21.9363486313392 -71.747912066916 -10.3708361316115 -3.08996832772074 -4.18476919280259 1.73971881894729 5.15091987756414 12.7153584935489 -0.861226111712748 3.3219655108019 -15.3031022892464 -4.1648879719858 4.74132336929522 0.253192256440328 -28.7791725732884 -8.8972280086011 22.3973580902778 -49.4253602874761 37.897982727855 -47.1712875921383 47.595973890969 30.1589012874021 71.584121827957 115.498851927275 41.9571114300708 -0.54254058120212
"17" -58.8887132724252 -25.0925051563413 -10.6536994842673 165.057242373625 -12.5650494447054 -2.20788256821014 12.2118341446565 24.9051266179463 -6.64305717387784 -43.8782786808231 -3.84034086910404 -5.06331288090973 -20.2225139398496 -22.2250485025579 -29.4032298652174 -21.3726105130433 -8.98615852462166 -1.98489192120499 5.31438667855358 1.30776481910254 20.5326834215574 -15.9089329748567 -60.8891084410676 -9.94416039831183 14.7422923699436 4.80287579222428 87.6705912924452 18.2084064277727 23.7984873610794 -44.7892350281246
"18" -4.42834243567642 -8.59812695024818 -102.564610566403 -44.9261757480059 5.95490497775763 27.1696229675006 64.6882969551982 -6.12724607119241 -32.6146627869106 -40.3264309187742 34.3579028391726 -7.86360709386666 -19.3657668550626 -50.2549006492554 -49.7366671718495 -31.6078910576273 -42.7477184175133 -24.0230907044286 -13.8119767785728 -2.86380300179332 -58.0182724930704 25.7663694173247 -1.83964383419233 -4.8524087536965 87.1724041522149 60.5721810768067 21.670402440664 224.12387121846 NA -33.6273131733866
"19" -148.624810735193 103.617567652396 54.4773262621566 62.9775756923399 -28.2379137045671 5.02888687969212 11.058335809681 15.8899197102253 -95.1895038683386 -51.1811282706193 -26.7575780947584 -10.2113462007181 -58.2846492252933 -48.4597740072685 -59.8117185730226 -55.5730612287848 -64.3355661843321 -23.4706802778897 4.03125559747234 -16.9684465138685 -46.9781380822939 6.54294553449445 -13.09359432682 -16.418058973571 11.5640114343061 59.805597226652 24.8070855962759 28.477468930109 -22.9402225988888 -230.453503787469
"20" NA 9.59015703302962 NA -60.6640726147295 55.6963531339334 19.901297600551 -11.7686869086783 -67.5439630065451 -0.980462276366893 4.51286841856716 4.94273268166592 -12.3302665167468 -30.1098213597964 -81.7973209705458 -68.3697805771427 -51.1190762108739 -47.6622202466479 -48.1659126137374 -36.9979313758846 5.30245216072425 -54.7480538697688 -69.8969768815279 -31.76540786401 13.9736840783285 0.518306513612292 65.1801799818836 25.819709439833 -59.5429763992237 -94.9473618323109 NA
"21" NA -36.8437530848829 -44.3256924103184 -40.7847742715698 -39.6626540835267 -51.6318001748047 8.2042389231077 -39.3986178598688 -24.6541340602926 -35.3396206464037 -64.5871503457565 -29.1967411779068 -48.8401118874478 -65.1121236229892 -64.0922880043321 -62.9665652881152 -61.6316794770109 -42.3059657976161 -39.3026302029603 -43.2634266015836 -1.68430835611147 3.79009413207329 -28.2004614061413 -24.4663010203629 14.9396019465887 -31.9979223316691 -163.123995624209 -14.2406147489072 -3.97979421994026 NA
"22" NA 46.9880974782106 -79.3029802102847 29.3774918476391 -37.8010654657475 -25.3320896605256 57.2169888482721 -42.3020421077333 -20.8734956237953 32.4793239351879 -38.063976954458 -63.541075820202 -55.0921040585249 -76.2628908514219 -85.1159698909209 -93.9589366132952 -68.0237710529849 -46.4705101961625 -52.7608244854753 43.8515941753303 -15.3873761287386 -57.3053302996475 -16.7456997779805 11.5189222210882 -33.3235053452489 -87.2733096393936 7.45051216128805 66.9451650065035 -91.5101715594958 NA
"23" NA NA -33.5790116110687 -42.9757341055403 -147.842998108482 167.150308725997 17.6442066398095 -21.4772071143548 -9.29113172210955 -3.64359474835105 -63.6030175588699 -55.0254970858539 -59.945884017591 -66.8057816511297 -85.569263339258 -76.5750086349174 -87.0340076366843 -54.4168865230377 -44.9756607567102 -49.6139666313962 -21.2341656269314 -41.6365897358402 -6.73790182891382 44.4188496161599 -27.1601557395278 -6.46327209933022 -49.5361960512992 -74.800033956581 NA NA
"24" NA NA NA 65.9024641529828 8.29118797204208 -33.8963720366232 -96.3674549794489 -26.2647043125138 -40.2731372142581 -9.74231405665627 -104.094015656161 -55.3184369350723 -59.8747011022138 -98.3260273124509 -75.6049900078151 -77.2334018857336 -73.2563490981802 -53.2902753215552 -52.3003231793786 -67.5054105302414 -30.5345035766505 17.2223218341152 -60.9569777301037 -59.9893065281847 -12.0448208730547 -26.5534851447184 -20.0174403124898 NA NA NA
"25" NA NA NA -14.2575277861762 -71.8424116822221 57.8485805491186 1.48596015916993 -10.7473132177075 -24.4810509634779 -37.5818144520919 -19.4365864851202 -80.37869005219 -81.4204706960457 -91.4801992479222 -88.7075832459364 -87.482317512424 -77.2056623720386 -75.6532947251268 -84.1869910592026 -55.981727706396 -52.3583457755749 -40.8561166891809 -56.8716390604565 -52.3800869012096 -0.391389380693519 -75.0798270582387 9.38542358139298 NA NA NA
"26" NA NA NA NA -55.9889159820076 -9.76013020872356 -81.5313769726705 22.0582131589464 -84.2001570348286 -63.9634347765635 -75.9132814045838 -21.2946358064856 -47.6797221143532 -58.8495974728879 -76.502199747895 -113.463336572819 -73.0097771479477 -63.1402880199531 -59.9103055256267 -101.209976276688 -48.0509557646855 -3.83674413940919 -139.970224866464 21.8560456744076 -9.91310424635267 -6.96106866102695 NA NA NA NA
"27" NA NA NA NA NA -23.0671602937206 15.3472336643957 -29.7600149339288 1.48285901895191 -60.2268411561488 -72.4854806998134 -86.3131804027515 -82.9913323846445 -95.5616758966991 -87.4832229704396 -50.6336175722905 -91.5582283811265 -96.9316356112892 -35.2024680802328 -64.2582097882265 -64.4579378231042 -39.6438519223951 -16.3437773070347 -21.3877057230584 -31.8171587345734 NA NA NA NA NA
"28" NA NA NA NA NA NA NA -84.4655870670172 -87.5452621636354 -35.0634010035066 -28.4204221735471 -89.7115416284607 -67.5256468115556 -87.4839865889547 -95.8169842719692 -96.8694035174445 -102.020966137157 -96.9888169790342 -103.813384778194 -58.2817640756803 -55.4567555331348 -69.9791077014299 74.6677790645378 NA NA NA NA NA NA NA
"29" NA NA NA NA NA NA NA NA 6.1749000905554 -17.7234676894857 -47.6314821017219 -76.7095305117242 -106.804259748679 -120.872393396971 -94.5076554205371 -94.2156093856815 -50.9810281592858 -65.7307560275865 -87.1239284848315 -26.2562470473637 7.80038047118208 -12.2507593312562 NA NA NA NA NA NA NA NA
"30" NA NA NA NA NA NA NA NA NA NA NA -58.0284841275573 -46.0094855951448 -73.6516676649969 -116.886422595797 -99.8135234106773 -102.904220149323 -73.0173505733512 -82.5141883622434 NA NA NA NA NA NA NA NA NA NA NA
