"V1" "V2" "V3" "V4" "V5" "V6" "V7" "V8" "V9" "V10" "V11" "V12" "V13" "V14" "V15" "V16" "V17" "V18" "V19" "V20" "V21" "V22" "V23" "V24" "V25" "V26" "V27" "V28" "V29" "V30"
"1" NA NA NA NA NA NA NA NA NA NA NA 63.7806903120352 99.3319851540972 73.2015929325653 57.6208374348194 58.8318709689682 44.5220471770208 74.4932207714697 98.8848385153859 NA NA NA NA NA NA NA NA NA NA NA
"2" NA NA NA NA NA NA NA NA 64.1045162479108 89.9427045035218 76.766427960297 60.0004504567083 23.7451941995372 53.4766627171124 38.4622931178642 69.8760917748498 83.159749521429 31.9235080154108 41.1370343486761 59.3192216927364 22.9185657021602 64.8118994988698 NA NA NA NA NA NA NA NA
"3" NA NA NA NA NA NA NA 52.6061658921859 32.7997619639795 30.4615161467016 90.4622109105191 52.0114999605491 78.1686307081312 24.9692576951507 49.1409899712876 57.4574708335603 25.0189971651829 59.5572406681159 52.1131251399849 47.7528211111131 38.8863836383816 47.7392467023214 75.0969678521938 NA NA NA NA NA NA NA
"4" NA NA NA NA NA 1.7524507900508 67.560371698361 25.3923435950181 55.2679151506529 66.430792603412 77.0467920004866 34.1151717254827 50.4721207562693 48.1090037729404 59.5119360557458 59.8507282693036 54.1366902958701 55.3473256065226 51.0531077119233 106.291164632943 21.5664063116817 15.2812288913341 21.7669375864144 91.6977234602466 18.9994498181495 NA NA NA NA NA
"5" NA NA NA NA 107.448715281842 59.9746152169528 68.4520377107594 65.2169061336253 32.8605295930342 69.4429647971124 41.7897869087793 76.0213842187002 39.5078657019825 37.86543111352 54.3345166662027 52.7374175739689 36.6261510773943 -11.8878179496663 25.080380296003 31.1272484889066 47.3417688393953 46.4990018308465 51.5626236556547 -15.3921849380172 15.9752431548373 -78.5587407781732 NA NA NA NA
"6" NA NA NA 83.1195934951703 -44.2782752004865 24.535624813452 -2.84264309329724 73.1520599235191 50.8413579435333 8.32272067254592 17.1005877023457 65.0434412268373 46.9917315268355 52.7812379253177 61.1061715014189 54.1321957452004 79.1011218884233 68.5692895522928 -7.48414962294992 41.6188092306534 13.1068084952156 69.4267839428406 -26.8538632625055 63.7754026742914 -23.2331823872327 NA -24.1071375768116 NA NA NA
"7" NA NA NA NA -21.3837800287301 38.8944813837668 40.3023334964451 118.796571673808 19.7403396383016 38.3345837493971 24.6009565048674 51.187003598113 26.5867944109129 67.9904461031 24.5138299264817 22.1719453365405 44.7562093103389 5.89902461399016 43.9673419304047 50.7227349928201 -13.0378117768047 8.73120915147529 64.3705875193583 72.3781836736257 5.73954604229877 98.0441172428246 -91.447395590259 NA NA NA
"8" NA NA -41.3360259260232 118.03533235406 -42.0215812972051 105.990216311623 90.7811241380845 11.8480826282626 -0.353050451762857 42.7509154109345 42.0484295511078 21.0047918153172 53.4400072156044 38.144575331245 15.7189287896193 15.9171956371982 82.2065771810704 24.3662795629597 10.8751783837958 38.8579674236065 26.7315316700548 21.3435050175851 43.2001769480673 39.9578355100851 48.828456354386 26.6893299035524 41.6113759090651 -17.2750360959311 NA NA
"9" NA NA -29.2509839402991 13.6404541049119 -32.4511586445125 34.2040354968794 59.7353516244562 59.1061714454801 69.9043592113723 61.908377806164 26.534553323785 43.693612812035 32.567885723291 51.8592866823484 0.40809452512166 37.8132982030003 -24.5558823223429 39.4145207081662 11.0568231265328 17.8746532688334 -43.0178764019914 7.34628607007127 17.8248222522114 -9.74987131791227 46.5352555093372 -14.0116723491751 NA 33.2802669847872 -77.7413682823134 NA
"10" NA 24.112577512527 -10.7930973690637 -27.9651991622163 38.6138661288557 -2.36251956176249 -17.6743541120172 -3.98871458821965 -18.3018251002299 42.8956587084745 22.834172341648 26.7566065108355 26.6774586274916 18.0769554953083 -4.79715503066751 31.2548909209113 43.9300970145862 3.92701228355572 20.6874587251693 10.5420795935726 -3.95688560622512 -16.9511426058997 32.409373622329 19.7426465549441 73.7940937957046 -36.4200412740965 31.1626308585521 32.5387563633607 20.4700400483616 NA
"11" NA 104.043587000986 -61.8011633890055 7.95706756650171 24.1002561026918 44.8484576596167 62.743422457687 41.7647845349295 18.6666823887928 46.7597218049098 22.2887873100541 33.3571284441972 34.5470234868409 17.3292895585882 22.0995926228584 25.581771399393 15.8060536118793 17.493506122116 28.5814209475169 17.4056266043138 53.9365651980381 -20.2670370651154 37.8774916296926 32.0534966394932 -40.0554800501153 -6.23241327763471 76.8839073629732 -114.276752093443 88.167562380334 NA
"12" 1.25527769920367 87.9666561411807 6.43741350110732 12.3491912498372 1.19516566050009 -41.3406926018104 35.8772327622368 51.7697792395146 13.1856543019819 55.1240342134881 13.1611022496995 35.8158526185728 -5.78396861717242 11.942093256649 26.2755625914354 14.5103584987054 20.4043833017295 13.521175697639 37.6604128182797 -19.3308768054538 3.31118030292701 44.3263718020729 0.610467727452345 -2.763428207876 50.1238326379557 7.74678183727971 25.9551235547934 22.6118096042771 NA 18.2628124763538
"13" -0.676567737157418 -51.0897952011885 NA 11.1051214352983 23.6294365806226 -4.90327868919259 -58.0873644134179 26.1911828511097 39.8173381871198 31.0689439350724 21.3932500334692 21.5914736280438 -10.4909965926683 1.93078349852031 2.8449771558639 10.7187462816591 2.77088497405287 19.6028131962719 19.8962888772743 30.5068802086664 16.9000143239214 45.8697721658354 8.46998603150931 -0.863660383769621 -39.2612107761621 -28.9059569212999 NA -3.41841346961989 -4.06692887231882 -7.63644814482014
"14" NA -94.0408475571738 -28.13712559832 NA 7.51142337918648 28.5259663111253 -6.61919123538237 -6.22926475781079 -2.74783024405186 23.9139716755064 -5.51015309000108 10.4114845554031 17.785458289248 14.0154729567685 2.16955682537521 11.2142040463182 9.36735594501079 -2.4263931837279 -7.41170813668923 18.9391944229891 -9.35314622585609 34.1499433545562 -50.1482335198794 13.8017022695783 -8.4112052562169 -80.2249035278614 -31.0137304068588 NA 22.3460006108275 -37.2192919512761
"15" 29.1597415959846 34.7439803048346 -3.62894348564046 6.46499575223594 -38.3998475525548 28.3524896204507 -33.8182058046223 16.614582969829 21.8311067373563 44.4068160254009 -35.7812882016831 14.2549209706641 -2.0617435282286 -4.59725454859201 1.68118715662722 -1.86850520734234 38.0961693101181 4.19887198182819 -12.7705844654881 -9.25455705781522 10.1391969303297 -8.2777409309609 -44.6416804424679 3.39464183842755 2.28674031921642 0.930341466997807 -20.7324368629411 NA NA -9.89984256934462
"16" 13.7264491147553 0.965435569576978 -25.8786572196637 138.012640554644 3.28998537213223 -50.1996424659402 -59.7254858430415 -31.6080151670813 31.1528210735829 19.0790877692275 12.407150646179 -2.90858677738598 -1.73907724467955 -9.0864524795404 6.15413053822946 -10.5394359075304 -6.50907768461218 7.39465241544211 -2.09868218668791 11.876770364964 -9.48053870528859 0.528607715666085 22.2285220301384 -31.6458453592733 -36.0137696440712 -32.3128990021149 -2.76472972195336 5.79126837463946 -101.448592210898 119.644463915178
"17" -54.9017020313304 -44.2611029857008 21.1977359321174 8.38670255297998 46.5644943762277 -115.714078600016 -29.6218962143209 -29.2249530010586 -29.0422476787861 -18.323069070665 13.3650260883158 -1.56007837012963 5.40006306648362 -0.897489264313024 -1.78412470519972 -3.77785664255667 -1.26343107924366 -51.5385461104633 -23.4079978865833 -22.2134711486073 -26.7752881072784 -9.37667691734387 16.602278059617 -50.9959445366251 54.869435298712 NA 8.13294651045286 -68.4719577269733 -10.2831211107222 30.4723116911125
"18" -50.2822370850274 158.859683064692 -14.6908234698256 -53.1606102160085 12.0575579684935 -9.18585883818039 -38.5214926238557 1.22413621202121 -56.6433027315715 -26.5875557150354 -18.0093277322125 -4.14811014464969 -19.8445535152516 -23.3742833260282 -14.8733788029924 -16.4088864291371 -1.16793094376271 -14.527358206513 -23.6275863129293 11.3045526821087 0.0559933475651065 1.73579634044714 -11.932236243256 -0.483799878660656 34.4086390311255 -54.8133044249586 20.6493722583441 -56.0160865231601 -0.321346837655416 NA
"19" -91.1848228061938 -12.4653472084656 -56.6001241753573 NA -49.5276588977778 -40.8720145866888 -30.3456997872357 -24.0560613109358 16.0891985415051 -0.931998319348123 -34.7416312140672 -42.4469370875615 -36.0851264496869 -8.79545352785901 -22.7270977699988 -11.8143837647636 -16.5744148706042 -26.6337674229771 4.33513508166103 -18.4258927176264 -56.3878947298996 31.4530747907493 14.2466302939544 -10.4832973835947 -9.05120920205357 -22.31281343355 -10.5171591744599 NA 126.154500868395 NA
"20" NA -14.117215611502 6.18976862010792 -24.4755633742662 102.50945500176 -42.2945367596412 -26.4701147050338 -24.7679636576061 -2.86642316144869 -17.0376383762704 -9.32974266015591 -29.1425244032273 -4.19664675868769 -10.8970935847207 -13.5811157660907 -16.7768804370468 -12.7231485114266 -32.4539380917356 -2.68210028720043 -24.271358787182 -44.5975380020898 -56.1952433008598 -4.95660282772829 -11.4621950627197 -21.0154510941432 15.7986571830244 -58.787422262636 -6.31455307082996 -23.4739432816979 NA
"21" NA -17.5213085300908 -22.2615516002511 0.21740954699311 -17.786144917371 -38.0596887546345 -19.7873100307628 -51.5861218130646 -41.5142353175747 6.93577137218957 -18.0038088631978 -48.4169926670261 -28.6518778367726 -11.7337444939787 -24.4275389246176 -66.1298728307523 -15.087797953488 -46.4097608701312 -55.5658435272131 4.15450034749016 19.2299092719273 71.9202144911929 -20.1757723197391 -82.5922334833814 -18.5056164301693 -10.6319055677829 -36.1985347455269 25.2093763905527 NA NA
"22" NA 35.3219523592668 1.74292056841116 3.52390021850906 31.3207384702181 25.5625334629437 -8.0943617888993 5.02280069719961 -27.9846358688784 -30.2334635498784 -26.6250706751084 -42.1910860943304 -38.6664106151631 -39.2903716798473 -34.9043727367073 -29.4658070989986 -15.1215803796693 -18.8585056575328 -67.413112995182 -6.51228787015119 -38.7124362713626 -45.7806705385044 -21.6046286785693 -74.7123489568392 59.9234891652558 NA NA NA -37.440595487586 NA
"23" NA NA 24.6539726196558 -41.7731781917102 67.9565033094922 -70.6587391086763 -59.8596960562497 -92.523925556431 -93.1058085076851 -55.2238501976762 -28.6981144552741 -56.8728881870258 -11.6454169525833 -30.5107664646989 -51.8640703271721 -57.4420845068441 -39.5815088880161 -15.0709076303026 0.993395871238443 -20.5437150792884 24.4814018673316 -12.3928164561243 -30.4724783503248 -12.4324633053926 -80.9607294899504 94.9856869665633 -61.0797725685427 22.4445961313098 NA NA
"24" NA NA NA -44.3284715390192 -14.2056405137514 -23.8843103600534 41.2161159998021 -41.1798823899206 -14.3349584486089 -19.2616984063467 -20.3707033933624 -20.5296505475098 -37.6473604610454 -63.1478022438852 -62.2700985894966 -56.8102013406847 -39.7186949059267 -38.6754009402816 -33.4054026051836 -54.0303260185515 -14.3325084919591 -11.552570318102 -10.7003202024094 -30.234217513912 -9.61395734473479 -50.8281584174186 71.8889684470285 NA NA NA
"25" NA NA NA -21.5381246513246 23.4969654432888 -15.6948017358836 13.8966796601685 -20.601031868092 -19.0207845134614 -62.477169193959 -45.1606509493577 -6.55518725744705 -56.9954756886116 -83.6893955382865 -58.0776145524775 -60.1038564582143 -43.8421675338329 -55.7697807624348 -57.9876850068311 -38.67595257922 -5.1321605017817 -62.1023096637876 -24.6847617279052 -62.7877981114603 -44.2350802752966 -41.4265194051444 -55.2012425734953 NA NA NA
"26" NA NA NA NA -3.82630160977946 -30.0085994025951 8.32582366227897 -65.6553491416129 -15.4900629606354 -19.1596400372192 -29.5066745248157 -49.148737318633 -36.5965061641474 -28.8804340208819 -67.0634955348732 -62.8452978941598 -47.9042792789112 -30.1560048007384 -44.8341633414631 -21.0924438450385 -30.9457887482956 -112.684466449863 -48.0638076392133 -11.5342131810202 1.05587480811587 -61.5029298722102 NA NA NA NA
"27" NA NA NA NA NA 10.0998581571674 -84.730965768181 -10.1525248945848 -22.7206049261498 -97.4320626478227 -85.5687783520168 -79.0319844034398 -67.5570122903687 -89.9829565431781 -52.7182190908088 -81.0193080979457 -55.145753260287 -2.91477394771107 -48.5635275460612 -89.7333162338988 -73.5598272475061 38.5041556619952 -95.9776988750437 -64.7801617574808 -87.7546514645035 NA NA NA NA NA
"28" NA NA NA NA NA NA NA -32.3592474229148 -71.6673553128801 -65.0666661474258 -28.4730951733055 -96.9503179082437 -75.2262680245474 -94.6148303685196 -52.0746275701759 -73.9287710492145 -82.3142065102705 -1.80823492648308 -53.818260840892 -71.3187904824634 -50.7363132090805 -86.1439439280427 -34.7297219442961 NA NA NA NA NA NA NA
"29" NA NA NA NA NA NA NA NA -142.17613373184 7.18118178922238 -66.4523896655935 -82.9610835380552 -24.7078749020984 -50.9722247095665 -75.7583034470422 -40.1206453577822 -68.9172474905058 -87.1047490773608 -59.0733551413995 -36.8902522082713 -96.938755074953 -52.1945267687216 NA NA NA NA NA NA NA NA
"30" NA NA NA NA NA NA NA NA NA NA NA -27.4230731915864 -95.1359182242782 -63.3577264803468 -60.1153003581914 -80.1514087522207 -89.7101385258695 -83.1576591553876 -45.041385697901 NA NA NA NA NA NA NA NA NA NA NA
