"V1" "V2" "V3" "V4" "V5" "V6" "V7" "V8" "V9" "V10" "V11" "V12" "V13" "V14" "V15" "V16" "V17" "V18" "V19" "V20" "V21" "V22" "V23" "V24" "V25" "V26" "V27" "V28" "V29" "V30"
"1" NA NA NA NA NA NA NA NA NA NA NA -7.99377803792943 -76.8945919108752 -67.7699028621183 -88.0565018890651 -120.923016635738 -114.448766827305 -113.865560687659 -75.3252949388095 NA NA NA NA NA NA NA NA NA NA NA
"2" NA NA NA NA NA NA NA NA -6.41138079726307 -46.6246196228783 -53.7786872930577 -65.0753986265362 -87.6836945654896 -96.3948379194659 -55.7553910321058 -100.783991419451 -43.7324525396187 -87.1016841585552 -74.946230591366 -59.9442168787193 NA -14.920300560787 NA NA NA NA NA NA NA NA
"3" NA NA NA NA NA NA NA -0.147212190998257 -44.0626112055643 -75.7507705300487 -88.6541745535174 -30.6198819741421 -90.3560886339054 -92.190239228373 -82.7898402263045 -75.5878722118846 -89.1735915614569 -84.8923823641892 -107.166603983453 -85.3471272534717 1.67471006288441 -13.1247098807386 -38.0793468844037 NA NA NA NA NA NA NA
"4" NA NA NA NA NA -12.5461166204971 54.2223698401062 -18.4393581951387 35.5142383124768 -72.4542548767493 -121.557558398213 -24.1115746272208 -43.0069673463047 -73.3486880510853 -116.431510480214 -66.1420306973317 -90.6759221996029 -75.373475127654 -82.7633479850006 -50.0277441505127 -67.7250436090072 45.9448828291981 -36.3898210165045 -23.6346239590523 -131.885247024668 NA NA NA NA NA
"5" NA NA NA NA -139.41133212737 130.983155244381 -27.8328766435183 10.5262105306684 -45.9231668114769 -23.5934185251695 -16.2379423952547 -56.1925579270576 -90.4819844354969 -49.5579554327382 -80.3414829280679 -64.0431840141861 -5.64142306857691 -74.2439552447636 -38.6739819415638 -41.675473984115 -45.039852452698 -50.2861250272595 -30.7770737949887 47.5422489195353 NA -9.29492928312821 NA NA NA NA
"6" NA NA NA NA 0.557272817652867 54.7921237712005 -21.6769196020448 -6.04002788737606 -96.9066329812595 -39.9745118960076 -47.339614140554 -38.9986838127463 -57.3866579584092 -43.231285985682 -90.9968038924123 -87.2752558584398 -91.1182209123355 -29.9161388201227 -24.9494896889324 -4.74293250297198 4.16753744122743 36.5589511049264 -20.4489588203822 60.1132404447649 -0.482708316279028 -16.1533953256966 53.5871007848623 NA NA NA
"7" NA NA NA 90.8836526434078 109.935524048233 58.9068705596276 NA 16.9719057965656 93.1239237972421 -78.5052524664257 -37.7564411736701 -55.593391944683 -68.7941601636836 -61.9305632570237 -62.3353238839092 -73.2837257543723 -64.8975393003521 -46.4656166260172 -82.7128058903684 22.5957866055753 -16.6585388561711 -55.5372888692391 24.6272422135236 80.3575638489266 71.1445393320037 -13.0459538103994 -7.5594961811914 NA NA NA
"8" NA NA NA -3.03339667910351 -32.8570749308908 -76.1437225874118 80.7531250231083 -24.5155135512406 -0.728565198659373 -3.35103186277587 -36.6832611967937 22.4771234658339 -18.6697573087971 -62.5290831047805 -81.9172572773137 -58.4678177176566 -49.6903413725282 -32.6096360388833 -27.2733501847752 8.37310715394931 11.3026036845322 40.5553376422692 -38.894646747089 38.4683652230581 -6.57616136556577 20.5561786511222 NA -162.768531032511 NA NA
"9" NA 80.9608209215406 NA -21.8951701256309 -191.565034137157 -49.2491583736801 43.3278303446163 -1.67295825771683 30.7878133826008 -12.2612550262742 -12.5360685777959 -43.5492288600481 -17.6488739625997 -66.902439673045 -62.8321763278696 -58.3152227385299 -71.9739019869197 -47.0943178482186 -80.1216709858757 -34.6363316706949 -10.552601065923 23.2573360714132 16.8897943313016 19.5109844342703 11.9301520973812 32.808780653294 -24.9637768981092 -38.5079488620509 NA NA
"10" NA 58.3818990391087 66.1176629049982 -47.678711911348 -179.172624465486 29.5936753650967 -102.870632109095 -31.7970117879499 -49.5148445180207 8.71885149196673 -7.23507904310492 -23.8464058266458 -38.7783726382664 -44.5572771600795 -56.191353515144 -52.1238617888286 -65.183219153041 3.44191037557705 -21.1558924335906 -45.6494955558806 -51.2704764316882 16.3893999433154 28.074269271319 24.7528576409936 40.617107318154 134.468950646211 NA NA 44.5129399032355 NA
"11" NA NA -40.4388082238759 -73.4683723699206 -42.3654454141105 0.283627563145741 74.291608649806 -38.0104910336492 33.0513415791251 -15.6917556179902 8.02039390803201 -31.355403951426 -40.1652793948278 -35.034403649778 -45.3503226938681 -44.4423558521154 -18.0942003070069 -38.3744094267459 -37.3390646849452 42.9621597032384 12.3576212349924 -9.89326649548562 -7.45746751492931 -10.1206034405021 -24.0616447683277 -69.6813606194894 107.957973049196 -89.5056797071821 -79.3629696459315 NA
"12" -150.498319186057 NA 68.3184762807883 -29.0349266851322 33.5657358729492 123.460805278629 -67.9373171352324 2.59255432088359 -8.48184563991921 -3.71319350035886 -29.1553749654706 -14.8552422198103 -27.4546761493056 -27.3596266303491 -46.7619974653645 -44.1053769082128 -38.6961311162872 -20.6603044466898 -5.74151291431812 -25.7045312915779 -2.88301168684211 51.702566917528 51.3583477492746 17.015320347783 -32.3654861734341 -16.0436989337389 -90.7448913003274 -77.7533433130885 17.601565219263 -24.8606294668067
"13" 46.7551480958425 -186.329906661389 NA -50.1324099574475 2.23111940852231 95.6928796752447 35.2959120444651 2.16189943241532 15.2463360851727 22.9950294418613 -20.0712567219113 5.90971719572746 -24.2840188430258 -17.6192541154317 -25.5008448344058 -20.4544580171949 -35.5498247134767 -31.9299473323527 -12.2654491131228 6.14916264654675 0.531159567321593 12.6601731887154 35.0740944845725 53.5337021015396 47.2653802301405 125.027352491212 68.9996357945794 53.7938290014651 NA -11.9583537486327
"14" NA 7.9463597054298 5.40260155155149 -54.6085823721503 -31.1027936223633 27.1733676614392 4.94724979294451 10.0370973934708 -27.9066444058831 -40.4528959645501 -16.7916795601603 10.4182387177764 -9.33307209513077 -19.7243135851298 -26.905581722751 -27.9630816449529 -17.4765637192439 -36.6928203759021 -0.00738041619219457 -46.5939915379497 -32.5404604102255 -8.00403092237212 23.9665275590645 -27.7389964937344 -22.9177052095655 -32.0371985283022 -45.5747788172302 NA -35.6699103385643 20.2692441960178
"15" 43.2153260988079 73.8980413398168 NA -64.9467860375054 34.7162952705216 -15.1569193303312 3.91926652207846 0.0980060064169794 21.2902992713754 -15.3629570311798 -7.45079944765672 -25.8085735337817 -8.99320347519523 -10.6061551660117 3.68773500629303 -17.0310414067623 10.7496644247331 -5.88730121450279 -5.38945858474336 7.57018970642808 20.700451618907 1.78843996083534 -2.81593278382375 4.28276862285404 -9.07443712928196 34.2981846510478 NA -3.62541330771392 -85.2256126615423 36.1462428667796
"16" NA 72.6095274477422 -19.1022271883474 NA -9.6436129177366 -78.9725620954643 -4.39250472941344 -74.72477553844 -23.2960793196882 -48.817403501211 -44.7089281048438 6.78181608981492 -6.43165076514356 -13.3929756147915 4.07788203161927 -6.42209646086119 -14.6407807125068 14.5460713605659 -0.334645401521108 3.43862097411917 19.6883964121892 43.9944717204012 -12.3775132353756 -15.2020841105512 -31.6248477623862 9.20237770602887 -26.1135383306476 -8.11991653946719 -40.4897880668055 40.7162859971748
"17" -43.9016133890073 -42.1672301627211 NA -61.3939098720649 166.508018407201 7.73019664731385 -26.4844118165601 -47.2635124996023 21.2474246891081 13.2594577553332 -0.267561435335279 28.0595429654725 -4.84250175332058 6.38135599572164 9.38374289131296 19.4327230348611 -0.397202332468318 33.3052508105945 -32.2369842752429 -0.810472313914391 5.73943454877327 22.7912553863376 -4.07141570791529 79.9731970557467 29.2780247496918 25.5164166908364 30.0387684171481 NA NA -9.59919212950881
"18" 67.365795050202 13.1332715657986 -14.1884061790183 22.8130871948237 26.1546348400304 -26.8035717763949 -22.4305133928001 54.0662494718809 45.1604646217118 -4.15889148579642 6.20138605780121 5.45799258707262 30.243876407109 -18.7747559340511 7.9615773821194 8.009622382923 11.4325267515839 12.7602155760133 -18.5814039078055 44.8208592272374 61.8681577344753 -55.0345176021964 30.8650042812628 93.9949088289798 -8.90780183384704 NA 3.04065132322933 NA NA NA
"19" NA 14.1488224027198 36.9053021237095 47.3092124658881 -6.91470666909825 -15.8541678246446 20.4022183470958 -36.5885996621408 32.1889992875236 38.1705903238711 43.6313038863086 16.6431802237726 8.70346218486127 20.9207381458201 23.0435410330154 45.3189983528039 32.5831172199571 1.43817104691612 2.49950662441038 31.3281855360613 0.157797903134021 -13.5143303209492 -25.5062662444525 -0.492764861925277 105.11273366333 46.0667043825005 -41.5983243965598 -36.2064148712672 3.53554774332983 NA
"20" NA 23.5573679757544 -7.55039966955467 82.896352763078 81.5711024612028 NA -0.583236659518921 -35.9810166355427 21.7483644176744 4.29972225738493 12.5019242162579 23.7559879012204 24.3926070089328 43.4614412379547 43.7331181500213 50.7971144791376 52.8706789121062 39.4515124201811 -6.90625573060852 -11.9854584683495 26.2521119500497 12.426400766338 -42.6292226660133 1.85933336416292 8.74821077237598 23.8486728830912 -1.38356579699613 -37.1071738351733 NA NA
"21" NA 127.439036803439 -40.567855914625 69.1969814782174 5.7306662188763 -61.8736077750251 0.30981796966967 -7.19528553531332 33.6019114459556 14.5818126627273 -2.33005444993409 45.387195713802 19.2714335511748 19.3170341927893 58.5292404672844 44.1362544253747 24.283649632426 24.3551949320089 16.1005955547915 9.90111813148554 42.898093396408 20.9522531627518 43.916186177373 48.5873253576373 -51.7597295379912 74.8168115299556 -44.6974993426743 -213.231157855568 NA NA
"22" NA NA 39.2497238810689 65.9873345540265 -37.9978070101675 -6.35957998239159 26.8828546072045 -17.9960977445168 35.988225711897 7.0981623406461 43.7024394345352 48.3457092386975 49.7619869475957 45.4106505716574 62.2629492085498 56.6223765290378 52.4039564770159 59.2687251850795 11.8028692029337 25.7579454668409 -20.0296662442587 54.9460265662048 47.8302123871234 -37.3949387995812 -29.9344999176574 52.2983719884673 -6.78085020907751 173.384852642019 NA NA
"23" NA NA -44.0276948094321 -33.083413594748 198.593776092576 -80.2621613375099 56.0013000215851 47.705612028837 -27.8401046849861 25.2894886199746 7.66266346167785 60.1117006885841 57.3700189339729 67.3059092599229 65.4157240748579 88.5797826338336 58.3821060829026 62.3155537914313 -7.3259034612872 -2.53012406870976 42.7479054350021 92.9029320571821 19.3256330008379 67.079797320268 -60.5125098158595 NA 18.1596015660008 -19.2856306670277 NA NA
"24" NA NA NA -6.24406444284774 129.499731960574 7.60593541944742 -69.9130308825687 1.61858605532115 39.2515407169606 15.7875794017438 26.1924030378115 43.927042113816 55.5741409276841 65.4859809039613 91.6744720202094 51.0044096726883 53.9402711285575 6.65286470443759 44.1911466618142 19.6850152255079 127.837776206864 23.1220870100848 -40.7535131205817 16.9924104291946 -34.5566697009869 -61.1776111941542 86.5718567080213 NA NA NA
"25" NA NA NA NA -48.6972458077515 38.926670936389 51.410422373464 -11.8464501048535 42.5191374949744 1.84196443709283 37.6397952946562 41.9454868023661 67.945080249169 58.6275576963324 77.5234866364426 80.7867888048784 67.2210113905928 70.160298756077 17.0584460352314 23.4657952204864 22.3075995935032 129.710906418785 48.4102989709733 -150.816535965803 69.6967215042969 -22.6597430991289 -15.0880071175122 NA NA NA
"26" NA NA NA NA 27.5495460467291 51.7908327386944 59.7636335892766 63.5837485485921 50.9017666412832 31.1928764372028 121.188637873212 84.4729091250303 74.7969921025 90.3967101266226 90.8805787721077 93.4504841350418 64.4308123194965 57.7771448550394 8.35816484778825 94.5155336392371 76.5388062304376 36.3631900117903 114.031592312366 72.4775997086545 35.4220029887223 62.1936382819258 NA NA NA NA
"27" NA NA NA NA NA -41.0668493186281 63.1015858350495 78.8537939816049 41.0747102094063 33.2480711231941 94.8557590527852 104.533155804544 84.9910992777781 29.2552103850755 89.1482508684546 69.7946052255458 102.159126821555 108.201884813667 85.2676528213683 -36.9001826782973 32.0614683636441 9.72743857825363 -60.368472539678 -45.5788823397011 41.9295586567941 NA NA NA NA NA
"28" NA NA NA NA NA NA NA 101.722204734727 197.570276301607 58.6873962255778 57.6989778675646 94.4488022448334 85.4671886364952 43.9909373572652 89.2311725927841 78.4147712355853 111.427846123937 111.000831085275 88.0575184486572 -0.664758195926093 -44.6117920480258 111.040215582256 -58.872079501082 NA NA NA NA NA NA NA
"29" NA NA NA NA NA NA NA NA 74.5356875013214 36.2666507756263 -14.4506862710051 72.5601027478884 96.3871080938927 114.324902579053 72.3437916006364 54.7748270857006 77.2120219127345 121.581943853107 59.0308782481742 22.7701546616018 167.591336486197 -6.0509664956891 NA NA NA NA NA NA NA NA
"30" NA NA NA NA NA NA NA NA NA NA NA 92.0787911975556 118.757860033083 77.2032135526544 98.9668099687841 122.553203230385 64.2186294229274 21.8724165777177 94.1159238789069 NA NA NA NA NA NA NA NA NA NA NA
