"V1" "V2" "V3" "V4" "V5" "V6" "V7" "V8" "V9" "V10" "V11" "V12" "V13" "V14" "V15" "V16" "V17" "V18" "V19" "V20" "V21" "V22" "V23" "V24" "V25" "V26" "V27" "V28" "V29" "V30"
"1" NA NA NA NA NA NA NA NA NA NA NA -17.3300644994375 -31.6880596602001 -40.3601843535213 -67.8888147278376 -20.7692476971732 11.0830857983272 -57.2529958907188 15.6096416787679 NA NA NA NA NA NA NA NA NA NA NA
"2" NA NA NA NA NA NA NA NA -28.8482988555387 -58.4997392898467 50.8397991135846 -36.3035129775556 -49.6932655182038 -33.370609339971 -63.4753156013053 -8.33043123396577 -60.4412643188545 -56.9310191051308 45.5715320618286 -55.057232084098 -53.6835593567355 -26.913750446756 NA NA NA NA NA NA NA NA
"3" NA NA NA NA NA NA NA -58.2897859266946 -2.64949523725628 -95.9132475586759 -70.431326501968 15.8671173534393 -78.4014140510789 -17.6714641566371 -52.7892961749749 -65.6172562937158 -41.8479442712643 -9.97075371702915 -20.9978611921214 -92.2772216866463 24.9626684897347 -17.9224705649731 -5.11223406159584 NA NA NA NA NA NA NA
"4" NA NA NA NA NA 2.71006407838733 58.776317789324 -20.7282032066109 -27.1866628398789 -26.4941225908516 11.0345659632024 -37.8147582003131 -38.5641491770849 -40.5036730389857 -69.6987119095081 -65.851631153806 -1.2495931117204 -85.7862720306615 -53.5263228462891 -18.3302440393078 -46.2508419077011 -69.5866063422501 -2.55629362396624 18.5169613969346 -2.0552315520147 NA NA NA NA NA
"5" NA NA NA NA -54.5160283331827 -80.3476963366371 -63.5396813537388 15.3480316561537 -4.68659538383285 -29.2876728199446 -74.0954355962936 -26.608289020128 -33.2643285045661 -41.1652116032155 -29.1767980274797 -52.5949889606953 -30.4375535691232 -62.3758344659774 -3.4214445897301 -34.9353899244037 35.3447157096758 9.21059066686383 -3.48282239006443 60.8557101433997 -68.584497132137 -29.3642873757434 NA NA NA NA
"6" NA NA NA -25.3729809893137 -42.9012802181651 -14.4563314694587 -57.7920968107128 -64.5915763944643 -107.399523558692 -1.47825424448417 -45.7891129733463 -29.0484495189888 -42.3466020183407 -60.2399088305621 -44.0117853748969 -27.1988554108943 -51.6477198968706 -20.5904187027425 -28.0564759089332 -15.4394180499134 -70.2111894336152 41.0540281436627 -41.7127373783553 -1.59485983757402 55.1284360791813 -31.4438440500594 -125.674519400857 NA NA NA
"7" NA NA NA 30.1263753303212 15.3598665718788 -11.2209574606503 -28.0689916681254 -31.2228775729865 16.0429106603396 -10.0047813223354 -22.5084867954956 2.23828593594219 3.54655916736621 -44.1637359882729 -33.8684702387213 -77.449191446411 -46.9629164992997 -35.5074578022108 -12.9256748671132 -34.0563141257037 -6.34991736575509 -49.9149450404058 2.9449151167652 -37.1483285848119 60.9091638019497 -63.3612212510536 -15.7121256849717 NA NA NA
"8" NA NA 76.8775381096164 -188.796794092028 -18.1827498868477 1.73808457464662 11.2976390787805 20.2046100544389 -38.0887945383787 -26.2341953329593 -31.6570093692392 -70.7165934860494 -47.720253289743 -31.820700053251 -22.1104382414765 -19.5712993067408 -66.0762666334841 -31.1977111601326 -34.1545003768838 -10.9961419607299 17.5011977531824 -10.7968004340418 -8.28426354764689 -86.9416459042757 -18.3726859447124 31.040746177836 -0.0111402937797596 -41.3844282636467 NA NA
"9" NA -67.1260054276018 -53.4073113257624 -57.1878236634127 34.3929186001311 -21.0540752447696 -12.6114824677935 -67.0563335066477 -55.3487792264433 -34.2153227484633 -34.615163047983 -8.90299694258356 -0.724652529060884 -39.9131700508462 -37.225446182552 -38.5173831973117 -30.1108025108086 -41.2916209624974 -34.576555092906 -39.173067744071 30.7651253181257 -70.0162965655617 30.5850190853144 -39.7250166779961 45.2537812803978 -2.10990141107015 -49.8022201090333 -20.6172780178766 -43.8925319366401 NA
"10" NA -11.5823366872131 -54.606924701781 -39.5884543551199 -7.44538876564242 -34.7616321709778 -14.0741684921311 -21.7039606594764 7.36925433674026 -23.8445952066274 -31.992252546089 -19.3382017687762 -15.4879215687584 -36.8075658826366 -26.5231677170846 -42.4311664470471 -10.7572592923254 -10.6713845018621 2.57294336142627 8.10691776408333 17.5086422015944 -27.7624440593889 -21.5671832942714 -41.7561228436015 3.77847293420667 73.6764417102544 23.357753006038 -20.2377885164647 27.3633109278051 NA
"11" NA -28.8529875413019 -0.234393263112096 11.8515487125849 -4.94164128577818 -13.132485730777 15.6047317346348 -26.5344862800295 7.49378033616074 6.09401628622532 -6.83015912038768 -30.759394900813 -28.8646231061096 -6.74997055715873 -9.28683254886759 -25.3131782468949 -9.2955679904512 -31.8664259463579 -24.1467141558791 -11.8116410882643 -34.1481461800972 -18.4762545671853 -33.7901588308463 -1.60989719194579 19.908544509157 -7.13434783631409 -161.665227714593 87.9268320477293 -49.8484454574037 NA
"12" -1.78492636948421 -46.6873707208263 -38.969188690416 -60.6655017303445 -17.9181485899567 -47.2551678699771 25.3830258172142 -35.3514214970114 -6.44020862354507 15.0869043650509 -17.4403040434608 -14.4974068151525 -7.56163600602535 -23.9662576335269 -9.52734296584095 -8.25019781703228 -10.4097117499863 -57.4221295211185 -24.9990038413847 8.44733692099848 6.68999580775346 0.21512127248989 2.95963371461046 55.33336196144 -22.1581886300784 -21.6218120138318 -44.736495001531 -101.628937685249 29.4514645977756 -38.6148165487375
"13" -69.470731544291 1.24701215828828 27.7462458008514 23.351406014256 -10.0128172191007 -11.6547803823599 -11.3934639786225 17.143783198062 -1.96842899633377 -13.8321337810379 8.32311798259804 -8.84265700300518 -1.43179213775298 -27.5168027144886 1.21509058186248 -14.1222165001881 -14.9199362531864 -2.70929982840764 -0.822129257428846 13.1346161216682 -31.4431694003626 -1.91339413078373 73.6365574061173 48.3105885487582 27.695634241316 -44.8414766629283 -8.99395222028961 -22.6436654102547 -20.6367957696954 NA
"14" 111.189595589022 17.6283595137762 39.6909648874549 73.0548786255124 -38.3330602193144 0.290654870034892 50.0735662737452 27.0205951853853 -56.7944686448769 14.0323242753454 -29.1606306658873 -11.2780316056762 -2.81741662011285 -30.1042763852309 -25.8917664900297 -9.17365823800999 -18.6597462760932 5.03269758303218 17.08880204522 -14.4546295454718 2.27655907340675 28.8097127320667 43.564082463251 5.72069575882296 45.2841532947564 -8.79748390037286 13.5096408391124 71.7607813885039 -5.36660379347774 -93.4273842246765
"15" 47.3886673385137 54.3886742345431 -13.935746204516 50.4184341845427 0.885421941846304 -111.73756914717 -14.7801150044196 -14.7725835315748 29.2642531441693 -1.60300319312832 -45.649566754368 -19.5250057940107 14.3793725734288 1.75998527405436 1.72573182899422 6.32890981306841 -7.60544592660735 9.72547055233433 -29.4640004682594 -31.3196762644157 -4.80638271780999 8.66611748765166 30.858061137252 -32.130192740611 -23.8159557876133 -20.4105275671114 -56.7541562318018 -137.614297851989 -19.3062617165175 11.6049569797279
"16" 44.6153726067835 -83.6713483532991 43.9471357841617 31.27371273009 5.09152986946595 18.3442795611792 -67.2354533658017 -12.9529708292479 -36.6032613909883 -16.0539561197417 -12.0431010986124 -13.1598893176007 -21.9273155145866 2.51357467732453 12.1543353019613 15.7723392057028 -1.75721578089723 -5.79688932238992 17.3322209320307 9.43942438052093 20.1039683081351 -2.14380976778589 -84.4845061626055 2.7082650446235 -12.3443382087814 -8.44963915556681 8.86547538641802 37.888311471028 24.3534927304906 -51.9944104020114
"17" 56.2397009662773 -17.9894315449902 -74.6328486616627 0.882489504698775 -3.73728452901245 3.34416620261333 15.9449560354984 22.6537807753596 -63.8079704388892 9.36007485652619 -6.43792640935925 -21.7500407162574 -3.13864051499479 13.5218000115229 11.4455593735917 18.4116627114165 12.8233650976786 -2.22890971926709 25.9843543981091 25.8035169267549 49.7465097980589 13.6195465593579 -18.9088004352045 -50.5185284044903 -19.8983114647975 35.7562437874188 53.1212036080067 -50.8520428807559 -48.9198992351948 -42.6680104772048
"18" -82.5125120977518 42.1511417501273 -14.5022142791812 -47.8272044449276 72.7450626586821 29.7074798415953 -7.79784019987116 -64.1399099981481 83.9899978408606 42.3550486046735 -39.6853299908192 -26.098164531832 -14.1629363263333 16.0923434584381 13.8676133604744 12.9396317610855 22.2789740897063 9.5098069870002 15.2544731001955 22.4212264505111 32.3932789659266 -22.0621618963921 -15.7521176132908 48.5277929083041 -7.23738770063129 -34.855030784651 -19.9423415091332 45.601870841243 28.3936874796661 -16.6435415523973
"19" 41.4662975204277 18.631348029843 -6.50830371218093 25.3315816514226 -39.2618009483564 17.7405468367056 30.9223152889532 32.1499195752089 40.6099828991506 21.5926945672571 -16.2001136121839 -3.36964149647643 19.5124972951402 6.74674517392714 13.7959897189855 19.8967914796652 9.79671509487856 20.6123410503842 13.2825101150226 17.9984883826973 -19.5133197737336 11.3970920786776 98.5081652379916 -20.5382806721918 -4.96988796315921 17.4815756790269 126.823879316842 -13.0051775209685 -17.55188106724 -15.3884503095738
"20" NA 93.8237303138138 -30.166617270936 19.5348832267953 26.6082313774554 -63.472304404776 103.936096307811 31.9161394126951 31.3377144504305 -5.35205176119988 14.8280425452849 36.8055286773525 53.8734740482948 33.7894121009963 14.0264482794539 21.545403246671 9.64550250390898 -6.46406731742922 -37.6621058564402 -1.45250138132735 -14.4674974895695 -9.87338676430542 90.2022504285204 -8.31065627542507 41.0408509796996 35.6974852840598 115.622204766834 -23.3454965111285 -28.7049949162409 NA
"21" NA -36.4728956354735 -47.1222379177079 -5.27076569627545 58.4332200882459 39.7683869470062 -5.58756172847419 9.77779026248961 5.92366280199966 47.5238096245618 -7.32584538667018 17.7004087706114 -5.19474398203511 0.36403503499556 32.5222418296437 25.8140890278829 13.5222355598307 32.5668443041574 11.8112187825813 60.5871798973487 0.548177108246331 13.8268270519312 -64.4573063932685 -5.86021711248493 10.8667870480576 -7.23275609187887 36.2051265188992 33.833105313709 86.99927815931 NA
"22" NA 102.725088105711 74.6138529731767 67.201957062975 21.9657568637307 -100.917515258564 27.5452044993924 39.780401471427 -17.0690463218557 24.6238984204128 40.087510791128 18.7738488221974 10.4847624746419 -31.7414540386404 11.4105977027468 30.0416853734049 24.5477773199892 -2.31080991161866 5.58874313821659 59.920295602725 26.0578294593419 -17.8879431934694 53.5351585604071 20.8684223019333 50.7605024635664 -34.9064960353354 15.6549999564685 36.9780366822456 40.911070142844 NA
"23" NA NA 33.6040506023416 -58.3432933968724 -39.4578182997367 -36.3551040577147 3.71152722949686 -12.6081725147298 1.25810496241094 78.943300167406 53.9878744533664 62.0448987546799 5.03257863099169 21.3996520809144 14.1885921640333 49.7404716685332 21.695927456789 -1.85615454496558 5.30729584775926 43.4479157020503 25.1516710333515 13.5734411793698 11.685419124532 7.14570237365391 -54.5768196697379 23.3033755346563 107.394691387168 52.2362280036651 NA NA
"24" NA NA NA 48.9749004105969 31.0258030851476 103.28745259661 -56.0834068423341 -20.9562642520643 -14.103465521931 31.3887805458217 47.8724184222907 15.7942980110772 17.4740795398862 52.1656864051089 74.4881869035173 60.0164287590868 30.1008982752412 -38.3652727339996 3.24503285117064 -2.4655274399495 13.1210735380944 -6.36830332726815 -19.070151330593 60.4757298949016 31.9079000888993 37.5035477480071 15.4106810327368 NA NA NA
"25" NA NA NA -49.6361243441568 81.9603916815979 6.0621039091445 10.9812192567124 45.7166989050461 -15.2138072962017 18.119271051506 18.405517406749 72.0601527052198 85.699467988109 63.8327783177233 55.8288249474178 18.0862499441988 40.1790651801206 31.1977547221918 -27.6539816226338 38.5937374165426 29.1744870654367 21.78380514617 10.8758929467043 30.2156152312258 46.8043946622339 35.9358889640172 -8.96303682781028 NA NA NA
"26" NA NA NA NA 61.54046055725 21.4342986894234 -20.6335817932044 -11.4570954667044 -47.6414515427198 -11.1268259854934 58.7149139438927 -16.2005896525589 17.4001275696518 26.2705265358774 22.0981828040998 36.4221930508583 61.3168542029282 30.3574499901081 2.79562304146221 -8.04511175810338 26.7541134682445 31.5753916765604 15.0219866095692 29.224978235359 29.3334450896475 19.0233103133836 NA NA NA NA
"27" NA NA NA NA NA 23.8785710161872 -34.9400182642796 -21.6097995725226 6.59999793960845 -15.4828492215632 28.7032312845621 16.8421920138122 35.2671772782107 23.7644480261321 51.1085444573861 96.8159264258432 12.3598573692856 11.3783433806019 73.5271108623364 61.8217100307164 -15.1203832813655 30.7801136119046 88.8869021266796 23.1245518220261 56.034179281783 NA NA NA NA NA
"28" NA NA NA NA NA NA NA 2.30194308172035 42.1878093965109 37.4316088826695 46.3011623143749 37.8144017233289 25.8749733107136 95.0531481782061 57.6583716535364 43.6568138417391 37.0902763770747 -5.76883383021199 62.1509920175851 42.6763957772885 16.8715665057382 18.7876249635958 4.24208388018748 NA NA NA NA NA NA NA
"29" NA NA NA NA NA NA NA NA -13.1074316729443 3.99868957566035 60.7486530471389 31.8434448736076 35.465880175122 50.0219945866052 79.0735339971683 84.1299956255237 74.3915941934843 30.7595986698233 105.948656541257 21.2259963025953 103.455639986403 9.15821547757987 NA NA NA NA NA NA NA NA
"30" NA NA NA NA NA NA NA NA NA NA NA 54.7386159709741 95.6861826499132 68.7868614683275 68.6604425943041 24.5397851578381 55.4809547858802 137.161045539144 71.5591826823295 NA NA NA NA NA NA NA NA NA NA NA
