"V1" "V2" "V3" "V4" "V5" "V6" "V7" "V8" "V9" "V10" "V11" "V12" "V13" "V14" "V15" "V16" "V17" "V18" "V19" "V20" "V21" "V22" "V23" "V24" "V25" "V26" "V27" "V28" "V29" "V30"
"1" NA NA NA NA NA NA NA NA NA NA NA 6.28994715034611 -17.4408813510113 -34.8206119409143 38.3096903982943 52.5735483673374 -1.65789310128864 31.9795115772514 37.4216382791852 NA NA NA NA NA NA NA NA NA NA NA
"2" NA NA NA NA NA NA NA NA 43.6125528441019 35.7768646099764 3.67754477635974 32.0671505072788 6.61009204006446 18.0365056354593 8.68346477118845 75.8334308904474 27.3141882077788 13.0528282266747 69.2565081916287 36.6030123584129 37.9945170659857 25.5074626707688 NA NA NA NA NA NA NA NA
"3" NA NA NA NA NA NA NA -22.7278402568448 18.6249788086071 15.3125404215725 5.31832737082997 6.37846821102362 8.52211295454627 -5.54163519263516 -16.2402083854713 23.5335815523544 -43.4507098141242 13.5539374868529 55.9529348761475 11.1380866310189 -5.3802191658203 -14.1945617435317 -0.938662534615305 NA NA NA NA NA NA NA
"4" NA NA NA NA NA -36.3989676999121 48.7060477082045 -4.11657971058098 -70.1885398212592 -8.9375342888082 58.0559576388535 5.55295589542342 12.7122828194 67.180223655277 32.9880090176321 16.5407029012056 5.20849788304536 -14.4857736808028 45.0065113214872 -34.9297871456208 32.172043027233 32.5930191170437 15.3087077491313 14.7004565255595 46.7138676259839 NA NA NA NA NA
"5" NA NA NA NA 7.93570059589605 36.6841410437895 46.2764428732883 -34.3447013737051 24.6900766501341 -4.7401078010546 18.8394169820941 42.3636534537561 7.75197173678292 27.0122088071834 50.7768319527499 7.37671127419345 35.388808163379 18.5047447487943 -3.83084691565926 52.0605381241328 -37.0277645746015 28.5888040170431 19.6060325419111 -20.9706191103442 33.4865532123719 70.4504537237685 NA NA NA NA
"6" NA NA NA -12.3070469472535 -27.2151018449814 82.7629146804479 16.88575812709 -66.0226729987866 -41.4972983512226 -50.6966807584074 16.2417585763296 12.4397872448965 63.4610061318355 3.33259163924672 3.88946235774212 45.1024376442736 13.9587187051275 14.2370617364616 46.7913547184001 69.1561449492438 2.97587142396479 -46.3041044899423 -14.9931844592918 96.9901847475547 -78.5204603877538 -2.25605607468297 9.19640676150715 NA NA NA
"7" NA NA NA -21.9710132331967 147.247946838479 45.3527367251445 60.5998569246674 48.8245652303136 -11.9072652383052 -10.9951771036777 54.1552298082264 -15.4028593536095 53.2895120289962 -8.30219848861929 -4.6999967279575 31.8074442296211 41.4325154704452 41.8515097703815 0.7265402887371 20.4718469706847 -12.3806151658809 11.2923470209536 149.616549630244 15.5603520207652 29.7366296757459 54.2812749947014 8.94912901029203 NA NA NA
"8" NA NA -79.9309035218529 -2.05698261453306 56.4849171465067 74.202288124286 -4.40746683611609 -80.6052821950444 8.98189516587283 54.8179183089478 -14.3904234509537 -3.5483350324352 -6.33821288259453 -16.5641876331637 16.392999030262 -9.78884321401523 10.1023949440088 22.5730796695711 37.1980581992292 36.7977571158997 -13.125401457667 65.1035212115378 53.8713467043199 34.5673360863024 62.6912545371376 -59.1529391315082 -39.5075414635911 -8.77167963805676 NA NA
"9" NA 36.8056308718961 -23.6408853539405 -11.4184248294329 23.8565153704125 1.84685049775742 45.8777789561329 62.701645606564 59.4324588808239 -13.2797988796805 27.7371520549091 26.9219923916971 -9.95107633522597 34.5506367446291 -31.4746934129065 -0.725753529896995 6.34285312438632 -1.46804813617572 29.684692608074 -10.5946402345262 -40.4701438139999 -21.0006352674766 45.8369696257652 -24.0948529062937 9.47583184387255 78.5091076665547 -12.9738960093412 65.4840549478932 51.8505224669147 NA
"10" NA 12.4653466390286 -45.9641801033802 -69.005428252332 -7.56835798328719 6.11420706405781 -12.6681652295382 -7.15173913040679 30.7571113554988 -4.63327879305572 10.3911041642094 15.0952124923843 -11.6678580205582 2.56515804989516 24.8797229731903 -14.1475968216638 9.12969515667758 9.98625204881558 -3.23384036831044 28.8643583857511 1.26368600455539 15.9773753576424 39.5799031976744 -40.5243941916573 -51.2718483058139 61.5458496034963 -29.9044607560993 -10.1391918521861 4.69541829721268 NA
"11" NA 30.6255436391378 27.7004046797068 -1.89483996587769 11.3103949140317 19.1738044283083 -1.5066224514671 28.3705461915897 -2.28617753325069 -3.70482944982083 -13.1552797139407 -10.7471528481082 0.851032832522751 20.1552532387168 -7.64750368024354 -29.9484844631433 -20.2804019316433 -9.84306909818029 -16.040858428636 -7.57877408881275 -29.885593199801 23.8646765483324 -1.1003970974819 -4.08085161996873 -27.969215747952 16.9737746518374 -6.49238888734885 -55.1780156152716 -113.187657793689 NA
"12" -56.5246320668562 -100.831378007825 55.5168119081735 -51.840932039541 -16.494705863147 36.7933679503217 -4.92969141358371 60.479191395289 7.8082217765199 35.1080308608374 -4.03157739295345 17.3387768082752 -0.635657863875078 -5.29222226990811 -0.675065030427358 -15.5204964901304 4.65689603596338 38.6827822500979 -16.5097935034058 -1.96467388382126 12.3104599118775 32.6312434087228 61.357006067886 76.6264640397265 -37.812491070839 44.3543774577969 14.1010183080593 -8.39148522831601 -48.1092500082219 33.7148926635357
"13" -47.471366013895 -38.9539265818716 -61.6747068289975 22.8927225577565 -8.09471235533506 -20.9393568262052 46.2681874454348 -10.1597311942886 55.7567151016483 26.1486112088751 14.6307432859062 8.11773927194544 58.2878947993883 6.35807950740981 17.0561474731466 7.55164039879287 9.43875675817079 2.40539924187067 7.20993384065601 -18.5234268531921 -10.8392446182342 -0.449929406283572 58.9264279809233 54.9834179799951 -9.98431271176407 -61.0774984342537 25.8021974045344 72.1956849232567 -28.0897459514844 23.6151007572463
"14" 51.6818471890923 68.567380390792 440.748332566867 95.0203946799295 -27.299809383783 17.7477939500425 -21.8518897700912 55.192394014065 21.1318529746402 -43.590519490721 -23.1841928464525 -26.4745388354849 21.4640113599101 9.2555672548367 -5.48977179572097 8.95738480023077 10.8977591049949 -9.85056136707016 10.5332127035493 4.06403618453884 -12.080663742495 0.499594648305553 47.8375514133776 23.1958858072182 48.8301032830518 66.4160134469269 58.271758348248 -19.0516985884532 -57.7751060949135 185.429607802337
"15" 29.0991762203492 16.9943137264557 -80.1045333696657 -44.9116085851591 -20.4180525712043 -67.9379944697608 28.9578891121402 -67.7110341250549 7.6296897461101 -18.7078789089876 54.9535794446932 11.815149765716 15.753119155312 -20.2927160596036 -3.01176327375382 19.8806130243902 13.8265246240731 13.0325660416077 22.7226197811351 10.5470488630066 7.53806811835141 -6.58902934110139 65.4277635969675 -30.256654444712 9.57845599248927 -1.22704041401444 -121.899849895354 67.8702838613599 67.0419519057938 83.251543447556
"16" -105.32618894503 -9.29515278091009 -91.8398839862482 105.509778474596 -119.841011645851 -7.01492399990667 -10.6967208300033 29.5157092700793 -3.91236771701069 -12.8986632144897 -84.35506047315 -3.9084494021067 25.9435186661521 -9.71412370414588 -3.22765876760271 22.9596562816532 11.7764430366222 -6.25732786426105 -6.89123540453657 16.4321580796393 1.72032998842598 20.6959201136704 -71.3459457047254 -2.01768069853003 5.25423994568448 52.8145520184676 4.24828957933794 43.4141165111211 -44.7438745302175 -104.629249306968
"17" -39.8909283339923 206.565727478893 -29.7471736987405 -32.0580273162913 -1.10373835589017 26.4257942710089 20.0342149353659 -10.8270121549004 -32.1699594184235 -1.38901852376293 17.5301661973809 11.6405672228915 2.04651567487396 2.35751705597867 4.8916147654694 -3.11417951404446 -6.67897917569649 -15.2195116165607 22.4988114626289 38.3029981668162 -7.16247853274776 -47.9004752476114 43.9613898461277 -51.7694273218978 -33.9059971040417 -23.3910223131021 53.2076931951855 -123.879008978011 18.2846879328831 -47.3566169819174
"18" -11.311503133789 47.288271616346 -62.7828778168651 -172.15071458943 24.6012647482055 67.9121588156323 15.1735089409054 -4.59495746873855 28.3674742812664 -8.24191966880561 -10.9509772811815 13.6452341538257 17.4363537163394 -14.1310698903978 15.3047486267642 -0.437061798085752 11.6535842059085 27.2845262764025 20.0646374750957 9.11118865264877 -5.97175704580072 0.452411824565228 29.2249350512907 54.0273124161101 -15.0768899301293 -3.7067196929498 -97.5247423695832 -141.516000229819 14.5158907328023 170.37359280842
"19" -23.1888496679522 8.79249531762421 18.3084130996433 -71.0430782255604 38.2564656415064 -64.8633520565772 -35.3911932295073 2.00929766993696 11.7102645223571 30.4656569877549 -6.85022624072888 -4.23836151964271 -15.9486919808732 -5.11458692184843 20.7666667371985 4.05975341125942 19.4233606672233 5.16701794631674 -13.95923233222 -4.46134926637903 25.3991230218773 -18.5597292937258 -73.576060245037 12.628991675938 -9.21430795634878 -23.6712172699516 92.875715781631 -84.8822180506098 -15.3006291075091 41.8242562721867
"20" NA -28.7154651838967 -47.3373500730044 39.5242122500672 -12.8802075175339 -52.6374232627595 -1.68720111536393 -39.2186371759235 0.00576935768062 16.4474868635101 -22.6819614278782 -18.4002019668898 -10.7030631697676 -7.47079589106459 -11.6453113861172 -47.9961554701906 3.34650247336206 -44.0591779696057 -1.84104071060547 -22.062164220374 -15.2011559382485 -35.3755777389999 -36.3222389012534 -29.745339610259 -30.672662328729 58.7395988885162 -85.042160541023 -52.9627379592443 39.215357960765 NA
"21" NA -44.2543765178709 -21.130190633626 90.1727257999995 40.6391069066252 -68.4682053536411 -45.3262283293614 9.65330966632135 -78.4700669139089 3.71977591327519 -30.8529310378275 -31.9816676168516 -21.0902168816824 -15.3411881122336 -0.452409015625703 -14.0160379528511 1.42149211665974 -0.702942540122467 -12.7196871992098 -8.93185513934155 -16.2710813106209 -61.4485153094652 4.49634412366747 29.5625774659659 5.13839225212053 -54.1295722661504 20.3673351326946 -43.720466927882 9.70654518908074 NA
"22" NA 25.0357126808029 -90.7859554528469 53.8242755799429 92.946416557639 -18.7147107147354 -61.131094077907 -66.1675671523897 14.6437300287626 14.6451998957378 16.162110079403 36.9048646038439 -12.8681319882863 18.3679616080078 -21.3657109811129 4.91509642067326 -4.29149363348747 4.99999563909725 49.2697101739477 2.379826492331 -45.25982407658 2.56413737386262 7.92846173974481 -49.4017091306291 -35.6195710222001 -1.11092455522778 -95.4874632182599 -6.12817753082736 61.3653704615202 NA
"23" NA NA -62.6542408678159 -72.1798100993222 89.6519269196046 -55.4036448423399 -9.15506522105697 -14.4062697699662 11.3520257468151 1.19732431440748 -1.35392276701783 8.15231291406293 -2.36022607747117 22.7680362008969 -21.8577561132644 11.6191695599561 -1.88513788204015 28.3460724183935 4.75489800983647 -39.8978036365922 -1.69116635873313 -68.0248018499468 38.4372392205044 24.7599980170298 19.1069833567661 17.6669669606973 33.8299885722904 184.103633238624 NA NA
"24" NA NA NA -4.84587194943187 -12.4938979233261 -25.35104211635 112.058296083826 -32.0882568309287 -24.607114460642 6.30768282489827 -25.9790426747087 -8.25641481655089 2.15322245202887 -18.3608132379951 -11.0345128854854 14.7902491537924 -69.9205791686577 -42.4283165394164 -3.9240536460486 -57.44354106886 -9.64802439157816 -33.2224235642866 -22.2411145363026 2.09621599563979 -85.8188169828798 141.486029183558 -23.8743552701613 NA NA NA
"25" NA NA NA 27.4255719446292 23.1853451645291 -39.8183502840231 -54.6477679229292 47.4735804397704 28.0788141359897 -41.2680840709685 -0.382831648669653 -54.2861541650226 4.79734762824432 -34.1518550382273 22.920834083247 -36.6299154775782 6.22236902109949 1.23348187482625 -4.7355468219654 -32.1443289224963 58.8142578517949 11.4161285076645 59.3488744088388 -53.5699203663419 -99.810625636424 25.5500441108477 -4.52216293057102 NA NA NA
"26" NA NA NA NA -30.548753691871 2.45303471570778 -20.9383756721676 -50.7964110720098 -33.0188619877457 -54.1357391478092 -35.969894432744 -12.8284179494911 -26.0554661296046 -36.469386947245 28.4363244671043 -8.85378165742423 -62.8348484910908 -38.7974741655333 -30.6304287272468 25.5040980890775 27.5237290628472 10.1777471657714 -50.375020996746 71.8989117116697 -85.7142475099765 38.0599060675178 NA NA NA NA
"27" NA NA NA NA NA -70.974662554797 -16.943839660973 -44.5733548434028 18.8599160304615 -5.51197798633902 -40.6462271220528 10.3031960429492 -34.0250045883967 -28.3130073759355 -15.6779134500834 -18.1707696015191 -27.4923612055617 -3.00880557010674 12.2496323841974 -2.02887435461275 -40.5112761694223 -33.0095732934694 58.6160107374338 -25.7595696485575 36.415128288686 NA NA NA NA NA
"28" NA NA NA NA NA NA NA -36.0881787008561 -10.8452861249638 -23.3423506567917 -30.0989176762139 -43.1671111761456 -14.4948972751113 40.5292095552458 -22.100076519563 28.6466935050522 -73.4379373231514 20.0384277171221 -36.2109372798291 -10.5088217379083 -4.38759615439726 -31.3414553130916 -47.1330015615585 NA NA NA NA NA NA NA
"29" NA NA NA NA NA NA NA NA -8.32548128252738 -0.552977933975702 -45.9305797427646 1.13731898978927 -21.452749878777 -27.5671482387151 -24.1987277263949 -36.5001010567519 5.95301528070686 1.22917056800341 -10.6246757039907 -47.8811168973115 -35.6257068027173 -51.2076161918166 NA NA NA NA NA NA NA NA
"30" NA NA NA NA NA NA NA NA NA NA NA -32.2951664738697 -39.964096712767 -15.5429820218438 -62.7727419038484 -35.2593650386595 0.65066018134267 -36.8857075454925 -26.0741990133233 NA NA NA NA NA NA NA NA NA NA NA
