"V1" "V2" "V3" "V4" "V5" "V6" "V7" "V8" "V9" "V10" "V11" "V12" "V13" "V14" "V15" "V16" "V17" "V18" "V19" "V20" "V21" "V22" "V23" "V24" "V25" "V26" "V27" "V28" "V29" "V30"
"1" NA NA NA NA NA NA NA NA NA NA NA 3.7855377212592e-09 4.2261226158306e-09 3.76867898615809e-09 2.52020498610834e-09 7.9421938483695e-09 1.89220951488617e-09 4.74505694569747e-09 3.26939976125522e-09 NA NA NA NA NA NA NA NA NA NA NA
"2" NA NA NA NA NA NA NA NA 5.54397698430261e-09 9.73624683985059e-10 4.85127150744488e-09 4.23650912923385e-09 1.01221954813372e-08 8.38028577656904e-09 5.66136296351223e-09 3.53926284492474e-09 7.84754733049139e-09 3.51778220956106e-09 2.47581451322575e-09 4.52600457467005e-09 3.66272426156759e-09 1.16366970113672e-09 NA NA NA NA NA NA NA NA
"3" NA NA NA NA NA NA NA 2.29801228629997e-09 3.7887667441814e-09 2.10561695958142e-09 4.38465394836098e-09 4.60296589333468e-09 4.91665422396411e-09 5.95175429884203e-09 1.07880145641136e-08 9.77412130645573e-09 8.35432999349678e-09 8.80783483893008e-09 7.10006096564979e-09 3.59447091073147e-09 2.84398078330905e-09 3.47632363162862e-09 2.26829729337292e-09 NA NA NA NA NA NA NA
"4" NA NA NA NA NA 8.37403846991329e-10 7.61560876771922e-10 1.70134220564776e-09 1.49853439246632e-09 1.34406707793564e-09 3.94498806875923e-09 5.71764630607607e-09 6.09728430702265e-09 4.5520919043031e-09 9.24473114706602e-09 1.00809008463553e-08 7.69776491981929e-09 3.9758827398694e-09 4.44668765815791e-09 4.42904209967080e-09 2.24578522129715e-09 4.89262776240546e-09 1.96010694106437e-09 2.17534088534936e-10 2.37290242373847e-10 NA NA NA NA NA
"5" NA NA NA NA 1.43885655963987e-09 8.94694361681624e-10 1.44964464962729e-09 1.5214210621005e-09 2.63759052980868e-09 3.92990942231042e-09 2.32473598308874e-09 4.29021776272398e-09 5.31558535833308e-09 9.83496104299802e-09 5.7819917438092e-09 8.08921810150087e-09 9.68556110940873e-09 9.07769995233056e-09 8.1101001866969e-10 4.68772385744945e-09 2.15002697876172e-09 3.2368962917389e-09 5.8579140908247e-10 6.16111187477984e-10 1.3798395953453e-09 6.06588747708673e-10 NA NA NA NA
"6" NA NA NA 8.14295583586841e-10 4.15103290000252e-10 7.00121493729707e-10 5.33557000887959e-10 5.13238669723641e-10 2.02629253214802e-09 2.00624399992336e-09 4.55898580278898e-09 6.416790203782e-09 7.15911960476762e-09 8.18842210568615e-09 9.86999971001225e-09 7.58181730855737e-09 8.0154790202644e-09 8.50371313680093e-09 7.86020238870226e-09 4.63092915555822e-09 3.4871040736754e-09 1.9401880998957e-09 3.00434519314843e-09 1.88196297462317e-09 1.19262813203123e-09 2.2999947408128e-10 8.0470238250319e-10 NA NA NA
"7" NA NA NA 8.19524156764459e-10 1.32771457091051e-09 2.17179707611904e-09 3.93928723924422e-10 1.63352525378529e-10 2.84326771696386e-09 3.48959060663971e-09 3.90066507329078e-09 3.44144509030199e-09 7.04604274175346e-09 1.00201128094599e-08 1.53321785670951e-08 1.05346096127553e-08 1.25274856286078e-08 3.9474964030453e-09 6.60826958088491e-09 3.4232797846547e-09 3.76758407319529e-09 9.97358700187773e-10 1.41870556419251e-09 1.10598334979922e-09 1.11018553123369e-09 8.87757073604968e-10 7.60768924516609e-10 NA NA NA
"8" NA NA 0 5.5721882581609e-10 3.36946941524928e-10 1.48613891572839e-09 1.62561230234047e-09 2.50606328738173e-09 7.71593335471729e-10 6.07532832943087e-09 5.11194283773456e-09 5.44492619052738e-09 1.25493052809217e-08 8.52249946392173e-09 1.20341408073877e-08 1.14796205090699e-08 1.35776705162975e-08 1.17283854997046e-08 8.532221968244e-09 3.93174595672948e-09 2.26263591518787e-09 2.46112724421964e-09 1.13208630777838e-09 3.84085442773293e-10 1.12975259491377e-09 8.76557549190163e-10 0 1.20533734005816e-09 NA NA
"9" NA 2.46487481240389e-10 4.06234631090919e-10 6.40089259845545e-10 2.07370504902046e-10 1.05363335760351e-09 1.60614595726495e-09 3.12521419981548e-09 2.15685356166178e-09 3.60477042934272e-09 5.31670559187632e-09 9.77064307616921e-09 9.779895901381e-09 1.21517416467995e-08 1.23518053945697e-08 1.50936248833749e-08 1.61347380953897e-08 1.14275272213922e-08 8.76187401152906e-09 4.61104780386735e-09 2.96852839185801e-09 3.48131962601098e-09 1.88741430945107e-09 5.36098354275594e-10 6.29967386857713e-10 9.01517624858117e-10 7.35380612749767e-10 1.77898967372139e-10 0 NA
"10" NA 3.26413933751247e-10 1.18680440443493e-09 5.4181916691039e-10 4.52086555054452e-10 7.54221386642433e-10 1.25067689872225e-09 2.36400056951059e-09 1.18455748938555e-09 7.24905544645232e-09 7.67101060202555e-09 6.05071981373223e-09 7.04992101376667e-09 7.99116559648382e-09 1.248695211236e-08 2.55572179614187e-08 2.01391658337172e-08 1.44018224402405e-08 8.87066104410314e-09 3.83692169967128e-09 2.60576602714678e-09 3.18003912175633e-09 1.88487096710576e-09 1.83057960342183e-09 0 5.13654368075001e-10 8.38577231003122e-10 3.47485080869023e-10 5.28712642396776e-10 NA
"11" NA 0 1.0834893930601e-09 0 4.33193222263472e-10 1.00694864737942e-09 6.76610795578156e-10 2.28536656346148e-09 1.16005478353417e-09 3.69217890376004e-09 6.23655549240109e-09 7.81441898421164e-09 9.97182532593326e-09 2.42398318173124e-08 2.33146671532426e-08 1.96003436982499e-08 1.42609131610796e-08 1.25917862010559e-08 1.16770039340481e-08 5.46662573679943e-09 6.85214733873753e-09 3.09943904152187e-09 2.47111512187596e-09 1.46994507327618e-09 8.32856966502563e-10 8.31089178145176e-10 5.82743190362907e-10 0 2.65386877388253e-10 NA
"12" 1.02420284511715e-09 0 0 3.75359106164073e-10 4.92514162748297e-10 0 4.38922338637676e-10 1.77728969288815e-09 2.74425430308838e-09 4.81712497372838e-09 5.12142567994703e-09 4.08808316197087e-09 8.18792805953822e-09 1.25588368562599e-08 2.44629044445578e-08 2.80348957041419e-08 2.56883492993482e-08 9.34089939618085e-09 8.97203946797279e-09 7.87680665945214e-09 3.0909936705118e-09 1.32628929227955e-09 1.18967912416734e-09 1.03011712575529e-09 8.21180275219081e-10 3.23231199469352e-10 2.66848829059361e-10 7.34938916186433e-10 1.83487117464694e-10 5.40823653752222e-10
"13" 0 2.87564240358631e-10 7.39161044280288e-10 1.30469119776214e-09 2.72589522452061e-10 1.24721303402992e-09 9.78842115661546e-10 1.73106310616675e-09 4.94658624505802e-09 4.64909240264775e-09 5.52700796085024e-09 7.7499954166536e-09 8.67691101918546e-09 2.02054142913011e-08 2.74949717767944e-08 3.40502080678305e-08 1.99796724734221e-08 2.20659339344968e-08 9.46953680306342e-09 4.45174293235217e-09 5.15320868520095e-09 2.69501396450985e-09 1.48907475837504e-09 1.12586453098686e-09 8.44184396975919e-10 0 0 7.8207439461336e-10 0 9.07670602703829e-10
"14" 0 0 0 7.68894550613236e-10 9.51225578313115e-10 6.45491156360487e-10 6.5657767535878e-10 2.75022421264572e-09 2.38688340005343e-09 3.35900040593161e-09 5.86092380327392e-09 6.84333365339345e-09 1.58266678592531e-08 2.29837108180676e-08 3.55735891187085e-08 3.7364135402622e-08 3.26697043197662e-08 1.51410564009031e-08 1.0084155030077e-08 7.1985820800184e-09 4.96620402544592e-09 3.13119350212268e-09 1.75072769557425e-09 6.26031031523329e-10 2.31480766004161e-09 1.70205548597038e-10 2.71608385341458e-10 4.59284383007888e-10 5.1992129014338e-10 2.65575686369083e-10
"15" 4.63669789043179e-10 2.40738202645927e-10 2.85535559182251e-10 3.79017867723801e-10 2.61599918362996e-10 1.93428418669542e-10 1.02211473133023e-09 1.5400784140416e-09 4.58522933003851e-09 4.67349051473924e-09 9.16025791248968e-09 8.85252970167457e-09 1.29510814765037e-08 1.84569853201807e-08 2.87651714081336e-08 3.85979576198355e-08 3.17075006009287e-08 1.43203101957871e-08 9.17404174469131e-09 5.57444798339392e-09 2.02758103517010e-09 4.24032362637382e-09 2.59209955261693e-09 2.46025530637423e-09 1.43868764079133e-09 0 2.76793218127549e-10 1.22353315860684e-09 4.22495825921898e-10 0
"16" 4.80029786966391e-10 2.29755028589422e-10 1.55355763630105e-10 6.52304099199283e-10 2.66640686513731e-10 1.12170730006961e-09 2.79564392752386e-09 2.35210582795307e-09 2.0070504602494e-09 2.99093863223872e-09 3.44973702562078e-09 1.09619471159742e-08 1.04780908885957e-08 2.1778860461602e-08 6.88165531210824e-08 4.23004768882909e-08 2.56455925787971e-08 1.06782036790171e-08 9.72754929950816e-09 4.75560063998281e-09 2.73995627544128e-09 1.50220582064765e-09 1.41535898384913e-09 8.95325328909841e-10 8.55804396747473e-10 6.97115184444641e-10 8.94549191485056e-10 4.78349034094474e-10 0 0
"17" 0 0 5.9947631255674e-10 4.4977937655219e-10 9.71168980305206e-10 1.58332642742363e-09 4.35447268089232e-10 2.62620086229882e-09 3.50960658949329e-09 4.98682232293862e-09 7.91481597109941e-09 7.95143250151624e-09 1.70629088476582e-08 1.75214868786224e-08 2.71388380828278e-08 2.47564073808182e-08 2.42810543427499e-08 1.17343653975759e-08 8.2261919210157e-09 4.63097056342081e-09 2.82911964939127e-09 4.09728206555391e-09 6.86348348652263e-10 1.95019278764899e-09 7.19858935867252e-10 7.50635832324864e-10 4.53576529965182e-10 2.95962093694489e-10 0 0
"18" 4.41099825654401e-10 2.56189185660084e-10 5.45554013048066e-10 1.72389731142207e-10 9.37796953913361e-10 7.40776712723484e-10 2.87656983638286e-09 2.3455965743255e-09 1.6547835657938e-09 7.94378983182701e-09 7.9812269827129e-09 9.08076678110126e-09 9.01725913115664e-09 2.20237591449859e-08 2.4941605677326e-08 3.64429364321828e-08 1.85190050092608e-08 1.48192904854141e-08 9.07997937164604e-09 8.76314931900897e-09 4.44888353095222e-09 1.05093510210318e-09 1.12871508168513e-09 2.20867289333552e-09 1.25816233599107e-09 1.90909836608274e-09 3.53610201590778e-10 2.59426297955513e-10 2.55638601085662e-10 5.39312105202021e-10
"19" 2.02947628942696e-10 0 0 1.73410423370673e-10 5.4189295431184e-10 1.66044882605004e-09 1.04857482769521e-09 2.29196947685291e-09 2.36550541134809e-09 4.1023694372152e-09 4.96303607554074e-09 7.9220055730878e-09 1.10406826146896e-08 1.62385915100067e-08 1.95139799320456e-08 3.04451374771044e-08 1.80375830170131e-08 1.50245224432692e-08 9.17221794585897e-09 5.21930331454576e-09 2.8520041245559e-09 4.78809950925075e-09 1.17916246059662e-09 1.59220962740616e-09 1.81293015042266e-09 1.85479560212172e-10 7.44638521023375e-10 0 2.24897953192431e-10 0
"20" NA 0 9.57469751919803e-10 1.95254052654109e-10 1.53722084998162e-09 1.55715351409266e-09 1.28532557399433e-09 1.63443042158978e-09 2.27944719583359e-09 3.54634267961132e-09 5.14085647284702e-09 7.71019163210048e-09 9.66136360926463e-09 1.20769644442407e-08 2.00801965709017e-08 2.63131048313752e-08 1.3864788518869e-08 1.13923928459512e-08 6.28476724919805e-09 4.30397889991858e-09 5.72724476083288e-09 6.98131980327678e-10 3.87195087911601e-09 3.69012785413521e-09 1.96217810951993e-09 1.55223783643526e-09 5.79174794480979e-10 4.67909159681195e-10 0 NA
"21" NA 2.99124388446031e-10 2.99285349583382e-10 1.57981092012288e-10 7.84033911503875e-10 3.54485333684293e-10 1.53302301061825e-09 3.56207823831365e-09 1.25466062977965e-09 8.35744536165831e-09 4.89450166730745e-09 4.8767341715798e-09 7.95598303984994e-09 1.17630772518857e-08 2.06040527476504e-08 1.47569877939666e-08 1.41955791181321e-08 1.34366465277188e-08 9.83190790642199e-09 5.39749080355418e-09 4.82891762497216e-09 2.95406473702591e-09 2.88170005076833e-09 2.43251813816786e-09 3.08657755686384e-09 1.02626259574527e-09 2.24541817365164e-10 4.26992293939394e-10 4.89637638833125e-10 NA
"22" NA 1.29861652460669e-10 3.42677538505542e-10 1.78347054283996e-10 1.96904011497088e-09 9.08366066075851e-10 2.30215336543906e-09 2.33830255324476e-09 2.72715643578501e-09 3.91951049333235e-09 6.5006778717511e-09 8.97589466510781e-09 1.13720934806407e-08 9.24094200798353e-09 1.9064952283555e-08 1.97482317853464e-08 1.6034437177008e-08 4.68520828266378e-09 6.87630794694587e-09 5.35641419055212e-09 2.55562041403253e-09 4.23256110593364e-09 1.56877775137838e-09 2.93307237193851e-10 2.8273140467394e-10 7.22162203748365e-10 6.69419302167247e-10 0 6.74037491404587e-10 NA
"23" NA NA 1.11571392877661e-09 0 1.28858096827462e-09 1.60218117896435e-09 1.40092563319546e-09 9.40013419857274e-10 2.6487249477843e-09 5.34278128855351e-09 1.01926885323811e-08 5.63326259480624e-09 6.09792303213025e-09 8.05330007312753e-09 1.45631839678116e-08 1.13492183540401e-08 1.49881062639484e-08 1.12370151821141e-08 6.26417853540176e-09 3.34801383752921e-09 4.1748896185957e-09 1.69099570965927e-09 1.11732896014224e-09 1.08059816953764e-09 0 5.63306293586422e-10 8.60278132305873e-10 5.97698243863605e-10 NA NA
"24" NA NA NA 3.18535889479265e-10 1.42690344273724e-09 1.67721595898072e-09 2.54424287813155e-10 8.14934407330491e-10 1.91814169640117e-09 2.95192358482992e-09 3.44434862963434e-09 6.7304167819095e-09 6.52411452934137e-09 1.44833380608706e-08 2.68255032903004e-08 1.53817432087504e-08 1.58416558008717e-08 5.6685453453581e-09 9.72099762141848e-09 4.95482420675871e-09 6.13271834609081e-09 2.62347516132376e-09 2.37115624320042e-09 1.33328640571129e-09 1.39932092480623e-10 5.77753209193064e-10 0 NA NA NA
"25" NA NA NA 0 7.81292251169668e-10 1.22694136750809e-09 1.50053097179547e-09 3.25326188002649e-09 3.41958871420022e-09 4.56165199556095e-09 6.31186347150341e-09 4.22712564935997e-09 8.28363749780582e-09 7.9381811169325e-09 1.16572224509361e-08 1.33213025350532e-08 8.3423675705759e-09 8.93134877217547e-09 5.23872634287348e-09 6.02024450874869e-09 2.16734783627937e-09 2.30008723492729e-09 1.67231942109089e-09 2.8746911254379e-10 7.95955193460908e-10 0 9.55528630395437e-10 NA NA NA
"26" NA NA NA NA 2.02072941095417e-10 9.94670012699524e-10 2.00383168288822e-09 8.569157181659e-10 3.26670769676923e-09 1.22186096536983e-09 5.9285608524776e-09 3.94140580072518e-09 9.55051924783819e-09 7.69654464342787e-09 7.02713172450987e-09 9.46969280727663e-09 8.36600993520601e-09 1.01233514274676e-08 3.72218215580471e-09 4.21815103604163e-09 2.28775187234718e-09 4.03472404100367e-09 1.24052813055658e-09 1.32695425573744e-09 9.49552773407904e-10 6.42987692686746e-10 NA NA NA NA
"27" NA NA NA NA NA 5.45957165762599e-10 5.09486039727607e-10 3.13707598313991e-09 3.44240173344872e-09 3.0928964621359e-09 4.05510302969555e-09 7.68258056549988e-09 1.04140472290895e-08 1.31366608040812e-08 1.58091239198311e-08 1.01304334055682e-08 1.30130321921055e-08 6.45931515131161e-09 3.72673935937371e-09 3.82188902444871e-09 3.54299754974757e-09 2.8378542332866e-09 1.31508221117674e-09 8.50137940591605e-10 2.31216890378348e-10 NA NA NA NA NA
"28" NA NA NA NA NA NA NA 2.53430742586691e-09 2.12630566487162e-09 2.69975548954158e-09 2.77532506030641e-09 6.17053556014374e-09 6.09132179852371e-09 3.74609668771123e-09 9.16800339817847e-09 7.30909107275918e-09 1.02610392185161e-08 6.54997301525806e-09 5.05919125437815e-09 5.12829177676992e-09 5.35849639795025e-09 5.31104188489827e-09 4.44294674810394e-09 NA NA NA NA NA NA NA
"29" NA NA NA NA NA NA NA NA 1.0546827181899e-09 2.43339406732137e-09 3.64641573632046e-09 5.77051825221363e-09 5.78941738445706e-09 8.84069304375605e-09 8.02929520988454e-09 1.19960907017394e-08 1.06344151243707e-08 8.17635190504111e-09 4.10252509397559e-09 1.73086466615948e-09 2.4941012386152e-09 3.14052155976209e-09 NA NA NA NA NA NA NA NA
"30" NA NA NA NA NA NA NA NA NA NA NA 3.32953816839126e-09 6.77020293107991e-09 4.22918740917776e-09 1.12887543225197e-08 8.0371927495522e-09 7.17881420833802e-09 4.40281153575148e-09 2.94872020816365e-09 NA NA NA NA NA NA NA NA NA NA NA
