"V1" "V2" "V3" "V4" "V5" "V6" "V7" "V8" "V9" "V10" "V11" "V12" "V13" "V14" "V15" "V16" "V17" "V18" "V19" "V20" "V21" "V22" "V23" "V24" "V25" "V26" "V27" "V28" "V29" "V30"
"1" NA NA NA NA NA NA NA NA NA NA NA 1.64693667526901e-09 2.84325025121639e-09 1.19940567685652e-09 2.69553054122192e-10 1.48586781026131e-09 1.92026147760172e-09 2.83165765256053e-09 1.4257909221335e-09 NA NA NA NA NA NA NA NA NA NA NA
"2" NA NA NA NA NA NA NA NA 0 3.71366036741294e-10 2.95501056949922e-09 1.29550917247918e-09 1.56880193080301e-09 2.58709614972815e-09 2.70397768350739e-09 1.99887271517497e-09 3.40140925928383e-09 4.33158697500639e-09 2.88707102112078e-09 4.59040481491389e-10 8.03610322522881e-10 2.47505258508794e-10 NA NA NA NA NA NA NA NA
"3" NA NA NA NA NA NA NA 1.2685287848826e-09 0 1.4561069600651e-09 3.02153528171715e-09 2.05529099421219e-09 2.97706174025055e-09 2.42275398842928e-09 9.46471409613206e-10 3.04804019118420e-09 1.87607034782802e-09 2.14023293799917e-09 2.87563194525424e-09 1.23407652424234e-09 6.19725625987191e-10 1.42273601178735e-09 7.80428340255456e-10 NA NA NA NA NA NA NA
"4" NA NA NA NA NA 4.47428457251787e-10 1.40125391645825e-09 3.76249364038729e-10 3.31107811966109e-10 1.18301908864155e-09 2.42269612735333e-09 2.2683526841386e-09 2.5911270173435e-09 1.58721253280544e-09 3.14775706836661e-09 9.46115056372469e-10 9.12494901970154e-09 9.04360000922738e-10 6.75278609586569e-10 2.3775039210773e-09 1.24746271577303e-09 1.76308173245334e-09 4.49083019858888e-10 0 3.35212470406014e-10 NA NA NA NA NA
"5" NA NA NA NA 4.47620832170601e-10 5.44696341357031e-10 6.43533568730307e-10 3.95848649184494e-09 1.8204049446981e-09 8.26431663897063e-10 1.09834123439161e-09 2.37415626038734e-09 2.55390954739069e-09 3.80941659120272e-09 4.10231684894064e-09 3.10980918331516e-09 1.36246952124904e-09 2.34252516686447e-09 9.48897285934076e-10 1.46170036729213e-09 9.00328878419767e-10 2.76035213088636e-09 0 4.4370386876143e-10 2.88511547411738e-09 5.01456654808559e-10 NA NA NA NA
"6" NA NA NA 3.61088948343288e-10 3.52952447116845e-10 1.5280613671564e-09 1.19996906960431e-09 2.07125916557501e-09 1.07682605185776e-09 2.68608291824871e-09 3.54441243560374e-09 2.3410753253155e-09 2.03992772877512e-09 3.9756423762019e-09 2.75626146251245e-09 2.0762311934888e-09 4.43762864409055e-09 1.93447502969619e-09 3.20873104815663e-09 5.84096690552333e-10 3.61421182529988e-09 8.22056139020264e-10 8.66358188879996e-10 1.17256305573062e-09 7.32373580396381e-10 8.17988111851164e-10 3.74964272837847e-10 NA NA NA
"7" NA NA NA 3.33768736607658e-10 6.87491731166453e-10 1.16422311742806e-09 1.33905730032514e-09 3.14725668124692e-09 0 3.69626862886352e-09 4.49549375931016e-09 5.33708826449475e-09 5.45088832371699e-09 5.72430022616647e-09 3.69556217324483e-09 3.46994741477918e-09 3.39067359489238e-09 3.512222746655e-09 2.95517387617851e-09 4.52362659201109e-09 8.88691848377259e-10 1.72821194395629e-09 8.01261833320268e-10 9.53531065988771e-10 8.79903884119803e-10 2.74200915716864e-10 7.73891920377961e-10 NA NA NA
"8" NA NA 3.76486113874058e-10 1.82982909696485e-09 1.91884898001852e-10 0 1.32976577037906e-09 1.16545908179531e-09 1.81486853614751e-09 1.8665867180136e-09 3.1452888997483e-09 4.8875599356947e-09 2.56205934462067e-09 3.75105764392708e-09 4.15884637850552e-09 6.07915254535862e-09 1.00236221774975e-08 8.03694027435619e-09 4.33063563163524e-09 2.41904603374524e-09 2.23564431206623e-09 2.14661750893823e-09 1.72633921637388e-09 1.40297729767843e-09 8.65620830149853e-10 2.59786227039058e-10 1.95733218860718e-09 1.74038007604303e-10 NA NA
"9" NA 2.95225697680078e-10 0 3.58170370252216e-10 1.53002987335736e-09 1.75713977099816e-09 8.85852334389644e-10 7.28690214934849e-10 2.0479796549656e-09 6.0267060326663e-09 9.75623293938608e-09 5.41034944942337e-09 4.98304423479486e-09 8.97370456628134e-09 7.28896923102181e-09 5.90788423835734e-09 7.57338120498131e-09 2.84019526078523e-09 4.702522557657e-09 5.32524907864736e-09 3.76707154552613e-09 8.56986236608318e-10 5.28669357303675e-10 5.24953031979428e-10 1.00830386347238e-09 7.32511876355804e-10 0 1.68548783687208e-09 2.52345370855655e-09 NA
"10" NA 0 0 6.66739114840011e-10 2.48870453167242e-10 0 2.78339276908651e-09 2.0296566135215e-09 3.73519106466522e-09 1.19276529734496e-09 5.42611448281226e-09 8.27786973724441e-09 3.61329870203116e-09 9.62362254719446e-09 1.08612762733691e-08 1.0767681928694e-08 1.12358541165912e-08 3.87693369613952e-09 6.23387124478699e-09 3.90333438227873e-09 4.33280917648869e-09 5.89103738399341e-09 8.36202879770448e-10 2.4336250884249e-09 1.90245555125466e-10 4.28100996796588e-10 3.41990840577301e-10 6.65795464505565e-10 0 NA
"11" NA 1.14339982201674e-09 9.72023557992904e-10 3.94719834152834e-10 9.01897866842256e-10 1.21840219690277e-09 1.00228184921027e-09 1.60197852894703e-09 2.80994741424686e-09 6.51428057929236e-09 4.28529007577395e-09 8.48915446729724e-09 5.7915759975295e-09 1.1784036261355e-08 1.11595993375124e-08 1.15576894601517e-08 9.82360362052900e-09 8.77937612256193e-09 8.60854004882322e-09 2.96949212430112e-09 5.26966345166587e-09 2.58244891326153e-09 1.4405029648385e-09 6.79891644034566e-10 5.43963052510078e-10 8.24938374085713e-10 0 7.02240056890748e-10 0 NA
"12" 0 4.8117628770012e-10 1.06010191845024e-09 2.82041026213521e-10 1.14531583240914e-09 1.06043396051061e-09 1.43645535824334e-09 1.65982399464352e-09 2.98854405412256e-09 4.74247731918029e-09 5.88589866742684e-09 6.44149544817228e-09 1.28841667145947e-08 9.18152574557789e-09 1.59320029941157e-08 1.63804935410325e-08 1.51202734310026e-08 1.34888446707121e-08 1.31142910344319e-08 8.7429621382313e-09 5.47180806927052e-09 1.44902361780965e-09 1.02919087169975e-09 1.73131483188916e-09 1.57158688404076e-09 3.61140967112634e-10 2.76622942795472e-09 8.26725433574199e-10 4.97794687319882e-10 0
"13" 0 8.42357486053098e-10 1.37661866756517e-09 1.98483034323196e-09 2.0869878542111e-09 1.36010165271375e-09 2.22284480010089e-09 1.51757999974427e-09 2.13939780377921e-09 4.0836838748785e-09 5.29797955312603e-09 7.13377008795568e-09 1.65908090434274e-08 1.17108572747461e-08 1.64182060677406e-08 2.42295923511578e-08 2.20342930780337e-08 1.60016407599207e-08 9.2605681641139e-09 4.95325717815584e-09 5.96450674957596e-09 3.06662222091467e-09 9.83657734810456e-10 6.12349832612228e-10 3.14022493347872e-10 4.41251228183612e-10 1.91615697546045e-10 2.46118647766955e-10 1.18099302278659e-09 0
"14" 0 4.23040260804279e-10 0 0 1.16588566480549e-09 3.97425858587567e-09 2.39605043440624e-09 5.0497287715884e-09 2.10381011837318e-09 2.09211540249004e-09 5.18119371792689e-09 1.05366175644979e-08 1.99365477347714e-08 2.72781096938791e-08 2.8607811353723e-08 4.64330957151153e-08 1.42358895298663e-08 1.90739751604281e-08 1.50900037264532e-08 6.90521133749002e-09 8.04514002403677e-09 5.10346025924014e-09 9.22316265415816e-10 2.88902251806727e-09 1.22477333863368e-09 1.022451362551e-09 0 0 6.07528371608981e-10 0
"15" 5.54812324070638e-10 8.99220962509144e-10 5.95961251669476e-10 1.61614762237082e-09 6.04946908106564e-10 7.23310814294207e-10 2.43081624990761e-09 3.25835225100773e-09 5.74583667806357e-09 3.43239171177179e-09 4.53600827652757e-09 1.3355128047372e-08 1.6069071361649e-08 2.54721535904671e-08 2.27577939962792e-08 4.34367368787579e-08 2.54869903789894e-08 1.45067810899556e-08 2.19903819836457e-08 8.13561921610847e-09 4.68898065491947e-09 2.18883160041077e-09 2.03129525230764e-09 0 1.76023779551319e-09 8.68326114385584e-10 6.89512042533831e-10 3.93455723998116e-10 0 4.22477820168335e-10
"16" 6.52870252806036e-10 1.86561680738978e-10 6.27746467086105e-10 0 1.94939674619515e-09 1.65854342744976e-09 7.80672669478378e-10 1.455148633447e-09 2.22881592753179e-09 3.19803274726499e-09 4.74265627613683e-09 9.67937055872392e-09 2.24016305658678e-08 2.16087241651792e-08 2.63426374415811e-08 4.3978798105729e-08 4.53063872407753e-08 2.16038291397995e-08 1.63800327152131e-08 6.16628520771764e-09 3.14643059332448e-09 5.42301626222427e-09 2.21592654441343e-09 8.85446855417247e-10 8.28278535280591e-10 6.53871609761179e-10 8.95367264603136e-10 3.61995425180982e-10 1.37357726206146e-09 0
"17" 0 7.90498519426914e-10 0 4.19808802403283e-10 1.51315233209333e-09 1.08599779353236e-09 2.41862215173996e-09 3.01202122216935e-09 1.70481999216201e-09 5.65602652536382e-09 7.76537116713734e-09 9.80528068501052e-09 1.86549377233304e-08 1.94282723538837e-08 2.06836735190892e-08 2.17676070110529e-08 1.89367979760806e-08 1.48510364725589e-08 6.02470424060876e-09 4.72277869992282e-09 1.59683465295234e-09 1.26524549118097e-08 2.08223290480993e-09 7.3191757483152e-10 4.75274525821188e-10 1.67728394324932e-09 2.92539161313443e-10 6.6912255817993e-10 2.78761106952924e-10 4.14462403052316e-10
"18" 8.59867469906227e-10 1.11990506359986e-09 0 7.07016535457223e-10 9.44117844493768e-10 6.57967950941715e-10 1.27553025869203e-09 3.48829450043943e-09 1.94176257621663e-09 4.25423223199732e-09 7.45702157324844e-09 7.33549189235292e-09 1.31741928645587e-08 1.35604855812801e-08 2.39001035199626e-08 1.74392285177447e-08 1.40480914088136e-08 1.59051659338682e-08 8.16988194089991e-09 4.99435197993973e-09 6.49985092956985e-09 2.88920545682837e-09 3.07855501423359e-09 3.71536368274681e-10 7.00044292145539e-10 0 4.3163414984455e-10 0 8.31849573941638e-10 4.92185095954064e-10
"19" 1.64123428210677e-09 0 1.07668884720545e-09 3.30025636448921e-10 0 1.99819813821327e-09 9.49468097153606e-10 1.36624862067058e-09 7.20176776666777e-10 4.08127898567904e-09 4.51500038685054e-09 1.25748991550553e-08 6.29041457108034e-09 1.0644129058052e-08 1.27715337761241e-08 1.56106990968334e-08 1.44362617033931e-08 1.09045402661061e-08 9.37518184799175e-09 6.18865198608487e-09 2.92849508462253e-09 2.7441639614144e-09 2.10695353492148e-09 1.76408322959575e-09 1.52049375488222e-09 0 2.8747859713499e-10 4.35006298611085e-10 0 0
"20" NA 6.22058609260393e-10 9.01641364478394e-10 1.48453837603692e-09 3.70638565297053e-10 8.96725875533995e-10 5.31497497871454e-10 1.68420579962406e-09 1.08545756577655e-09 1.09537977125494e-09 3.83951842637762e-09 3.80431672780532e-09 7.33423762262474e-09 1.16413875999285e-08 7.54694924942517e-09 4.02731256550455e-09 7.83042237801831e-09 8.02921777701049e-09 6.69138418057601e-09 6.33105354902149e-09 2.40089040539157e-09 2.28285118278775e-09 1.64153528777211e-09 2.96557919415846e-09 5.92558623124717e-10 3.92016808406399e-10 2.48966362207022e-10 0 4.77794919781267e-10 NA
"21" NA 1.44025764312624e-09 2.93490356527027e-10 0 0 1.41237806038792e-09 7.35793322881206e-10 8.20433053968237e-10 2.04232061313788e-09 2.10381255914228e-09 3.99590939284245e-09 5.17735900002806e-09 6.91353868970066e-09 7.18476310274584e-09 1.37877910762057e-08 8.80021290194883e-09 9.15337903031388e-09 7.00079570248513e-09 3.8050189958362e-09 3.71035661694858e-09 3.93930863860181e-09 2.0128203736182e-09 2.52820767934188e-09 1.57486377017184e-09 1.78284454212861e-10 0 3.01898891708358e-10 1.36937393534028e-09 3.68958231241173e-10 NA
"22" NA 7.07738193770518e-10 5.97349934930402e-10 9.621709039034e-10 6.44214445806853e-10 1.00096996033757e-09 3.78913636367918e-10 7.83289395706014e-10 7.42276456887376e-10 2.14857740042363e-09 1.16748192631939e-09 4.06969193455225e-09 5.53271288808571e-09 6.2787193283788e-09 9.64322031530953e-09 6.97729149636222e-09 6.58413875527015e-09 4.92651034043469e-09 1.97229117619337e-09 3.53638627146914e-09 2.06789349510003e-09 2.26713892853583e-09 1.7007498412755e-09 1.08908127495012e-09 1.97452288399443e-09 1.66807598079359e-09 5.04975856945246e-10 0 6.43232713126871e-10 NA
"23" NA NA 4.71325783136682e-10 0 4.38811627311943e-10 8.43163793710569e-10 6.26422888948631e-10 1.49871628949719e-09 3.67260868463161e-10 3.65316585505065e-09 2.82623979759647e-09 2.46032115145733e-09 2.60382189441369e-09 6.19619047723543e-09 6.12723638240785e-09 5.66645861094692e-09 6.89379965410741e-09 3.91777659284337e-09 7.38097381554326e-10 1.90915093885483e-09 3.52132542751864e-09 1.67020518626688e-09 5.91909171521539e-10 9.9710750428084e-10 3.56563956890905e-09 7.08420222743538e-10 3.61470595432882e-10 8.33179661337483e-10 NA NA
"24" NA NA NA 4.31084888478504e-10 5.76192983903824e-10 1.32663706188444e-09 1.27411689065678e-09 1.1247972903752e-09 3.32206062103714e-09 1.83141539163131e-09 2.08843407652803e-09 3.60347450300527e-09 3.79377322653487e-09 2.89744115421661e-09 2.66630005491873e-09 6.23279650454846e-09 8.58955160649832e-09 4.11758254480887e-09 1.49544320878485e-09 5.71590799554559e-09 2.08219850891804e-09 4.14073419861582e-09 1.36817055075581e-10 1.33589925007093e-09 2.35083785872054e-09 5.39005844147353e-10 4.43016049107674e-10 NA NA NA
"25" NA NA NA 4.91721699894823e-10 1.73362233922e-09 1.21186670244651e-09 1.20394018734578e-09 1.63355617000919e-09 1.45080334327295e-09 6.82278774642711e-10 1.9287329474658e-09 3.49396907332154e-09 1.75794440939729e-09 2.15509899021486e-09 3.92500366221322e-09 4.92416106384418e-09 4.0997876307925e-09 5.21963707660861e-09 2.62739382090021e-09 4.59708653220852e-09 1.13775091035587e-09 2.75402617409029e-09 9.5478598590099e-10 8.33548593524984e-10 5.57746117034594e-10 1.88425150537267e-09 3.9004700162513e-10 NA NA NA
"26" NA NA NA NA 6.44263155252778e-10 2.66182519519905e-10 1.36376028943146e-09 2.62241459058858e-09 0 1.73731887825821e-09 2.89295298840247e-09 2.52883110949703e-09 2.17323072070795e-09 1.52924574815296e-09 2.91534830436343e-09 3.22395962718662e-09 2.1008197709757e-09 2.08404429018393e-09 7.34952696299043e-09 2.54661881716017e-09 2.09842014849583e-09 2.60119753170108e-09 1.35550129255116e-09 1.26804724782398e-09 3.35449253638269e-10 5.32174902944742e-10 NA NA NA NA
"27" NA NA NA NA NA 2.27691144562959e-10 5.48267754574121e-10 7.88796274619699e-10 1.40977307475772e-09 3.10529016682106e-09 1.12048002095877e-09 9.98859443347844e-10 1.49743276906184e-09 3.18291628061636e-09 3.00234241132921e-09 1.05595827990839e-08 1.90368937751087e-09 7.52133471000336e-10 1.9641739715398e-09 1.12519382572923e-09 1.697291426249e-09 4.23175812125928e-10 1.0169879398943e-09 6.30345290736404e-10 2.22020299251209e-10 NA NA NA NA NA
"28" NA NA NA NA NA NA NA 2.07081775587952e-09 9.92205266692406e-10 6.56595226341220e-10 6.31935056261833e-10 1.26206820478934e-09 3.58851607421772e-09 1.8581558933795e-09 2.84759343926043e-09 3.29944926817947e-09 1.13116152975465e-09 3.67092267250656e-09 2.54485270080723e-09 1.39872226059744e-09 1.79250434031371e-09 1.83692876563092e-09 6.62309093440499e-10 NA NA NA NA NA NA NA
"29" NA NA NA NA NA NA NA NA 6.24536210806056e-10 7.07093576684718e-10 2.89795955144957e-09 2.05921893712893e-09 1.46397069178431e-09 4.76765163851975e-09 2.65621899494661e-09 2.94723072865589e-09 1.09618510653862e-09 1.91177644202972e-09 2.3251246016161e-09 5.36805595797976e-10 4.30227199727348e-10 1.6511543102627e-10 NA NA NA NA NA NA NA NA
"30" NA NA NA NA NA NA NA NA NA NA NA 2.4541636166022e-09 8.28276852806919e-10 3.60443168747927e-09 2.11388793448202e-09 2.16329087779923e-09 3.2838253337184e-09 1.9365938142685e-09 2.7645294997349e-09 NA NA NA NA NA NA NA NA NA NA NA
