"V1" "V2" "V3" "V4" "V5" "V6" "V7" "V8" "V9" "V10" "V11" "V12" "V13" "V14" "V15" "V16" "V17" "V18" "V19" "V20" "V21" "V22" "V23" "V24" "V25" "V26" "V27" "V28" "V29" "V30"
"1" NA NA NA NA NA NA NA NA NA NA NA 2.4148840775857e-09 6.4005594474997e-09 2.23102573471146e-09 5.58033283698972e-09 2.71946408326946e-09 7.28711317989624e-09 1.12700277519863e-08 1.83458635811092e-09 NA NA NA NA NA NA NA NA NA NA NA
"2" NA NA NA NA NA NA NA NA 2.1040596518637e-09 8.08521316288627e-10 3.96391077868518e-09 4.60782198362683e-09 2.4091945961804e-09 5.03895193313274e-09 3.35868330498565e-09 6.27065146574234e-09 4.41845855823771e-09 1.89906901209289e-09 4.40878394528114e-09 3.40230930225289e-09 1.63270809619181e-09 0 NA NA NA NA NA NA NA NA
"3" NA NA NA NA NA NA NA 5.95362490398884e-10 3.25961037131005e-09 3.81287207259305e-09 2.77543630586241e-09 1.16042925979688e-09 5.14989667670687e-09 3.74100292829752e-09 5.6179620068473e-09 3.1587383818558e-09 6.62070603568741e-09 3.4399788183939e-09 3.23591044930658e-09 3.02367810858893e-09 5.2834498578914e-09 3.5970851335796e-09 1.42169820750915e-09 NA NA NA NA NA NA NA
"4" NA NA NA NA NA 9.13335221891069e-10 9.08467974018568e-10 5.45191094716624e-10 9.33642444573627e-10 2.52531618506546e-09 2.4285483167065e-09 2.59190622691608e-09 5.57016185308352e-09 4.24526916452642e-09 4.5733481280576e-09 6.83214218860577e-09 7.31800074579422e-09 5.59655417077817e-09 7.07949770209844e-09 2.68504237022189e-09 9.76214700358999e-10 3.45096462607877e-10 2.76612610096519e-09 1.27073635162267e-09 1.1368064059881e-09 NA NA NA NA NA
"5" NA NA NA NA 5.66193455797387e-10 1.18806366981389e-09 1.59861423477285e-09 6.32297358335556e-10 1.39943940329374e-09 1.28416427349897e-09 2.22262172058954e-09 5.19485917939525e-09 8.21207812243453e-09 4.05771379216987e-09 8.74665873587636e-09 8.58421967214051e-09 3.2270813374619e-09 6.32460809799032e-09 6.64919669392617e-09 4.65339525283296e-09 9.84482404133279e-10 2.21214362531096e-09 2.73426173299399e-09 1.67537988445073e-09 0 1.10171328868442e-09 NA NA NA NA
"6" NA NA NA 3.60961829401328e-10 9.68634988850023e-10 1.49644679031007e-09 5.55553332766703e-10 7.21348044518904e-09 1.87383105465618e-09 6.56838054554607e-10 5.78526983584757e-09 4.42888093143254e-09 4.32304334862922e-09 5.02007487451671e-09 8.64928818407255e-09 9.71913783543627e-09 6.43512365058951e-09 4.25116027315811e-09 3.60733245538110e-09 3.65638018079012e-09 2.2092262797208e-09 3.10895342493167e-09 3.895846722936e-09 3.40827477824895e-10 1.55215029706758e-09 7.21592114011811e-10 1.0190920369438e-09 NA NA NA
"7" NA NA NA 1.53544292325401e-09 2.53198140034027e-10 7.97857736072959e-10 4.23223593528608e-09 1.51169721724081e-09 3.50213668307202e-09 2.21399958485319e-09 2.91322445929481e-09 4.89719709413105e-09 7.30748744523167e-09 1.09868202801047e-08 8.55966469378736e-09 4.49883167839993e-09 1.45366966941535e-08 3.50704621795488e-09 5.39954671574148e-09 2.05043184409777e-09 2.81595637670239e-09 9.00618102545376e-10 5.26849475145585e-10 3.07094380404034e-09 1.21639893159217e-09 9.43536349100556e-10 8.59195512251021e-10 NA NA NA
"8" NA NA 0 8.13754285024505e-10 2.18521261838366e-09 1.08604749962836e-09 1.51479492196635e-09 1.74664767801901e-09 6.84274194302308e-10 2.14926769549728e-09 1.78777850561552e-09 6.14903227927693e-09 8.52051224310172e-09 7.89757456495939e-09 1.30291790518272e-08 1.40465890095171e-08 1.42047360875049e-08 9.29270342810803e-09 6.75422160206104e-09 3.91749828942581e-09 1.1132810933935e-09 1.4165310543394e-09 1.0297771605899e-09 1.95688665145784e-09 4.04449547775364e-10 6.28575483817618e-10 3.64700073775146e-10 0 NA NA
"9" NA 0 4.87768436147047e-10 3.66940157991592e-10 8.35254745011684e-10 1.91972775816203e-09 1.48665424270215e-09 8.84495168819449e-10 2.56645065395741e-09 1.79736711701209e-09 2.39261704780797e-09 4.01516472664905e-09 1.09494511656438e-08 7.29215539141256e-09 1.0928863165163e-08 1.09825004787669e-08 1.05071662093501e-08 4.14353366506043e-09 8.45775438170573e-09 2.17308029958995e-09 2.8215656834221e-09 3.16024023392686e-09 1.57185482329101e-09 1.27920137882321e-09 0 1.34530696363057e-09 7.27714395275466e-10 4.31935715517931e-10 2.733202191765e-10 NA
"10" NA 0 1.32496973288663e-10 0 0 1.24646596129304e-09 8.05257418424444e-10 2.32802484048538e-09 3.45464788863152e-09 6.16678845862599e-09 3.25956302194215e-09 8.28671550837869e-09 1.00345572239836e-08 2.01482117139343e-08 1.71687708016679e-08 1.30561137749719e-08 2.55927364937164e-08 8.85621442252572e-09 3.78764901668231e-09 4.7474732138076e-09 3.5679979037438e-09 1.227657219363e-09 1.46610462141813e-09 1.32510483735365e-09 4.46042535825849e-10 1.44211861270824e-09 8.18341314457126e-10 0 6.58843562636935e-10 NA
"11" NA 5.10257664158866e-10 3.71280180552703e-10 5.34653375091964e-10 9.16509944615421e-10 2.32201919372911e-09 7.85191773629658e-10 1.15040962604682e-09 3.05908748494892e-09 2.99731765217361e-09 3.77084886336635e-09 6.24413121275405e-09 1.07980931876192e-08 1.1227234547027e-08 1.47595091361392e-08 1.49078155197349e-08 7.21888907017219e-09 8.73618759907651e-09 4.65544118963655e-09 1.9157016109256e-09 2.45558431764831e-09 2.57608297475911e-09 9.54625006002714e-10 4.52358290481063e-10 9.83493484573282e-10 2.86787140328993e-10 1.11136217492464e-09 0 6.98646425188715e-10 NA
"12" 4.65401176427754e-10 4.57471325976875e-10 5.34652545462591e-10 4.64174032352147e-10 1.63673571149121e-10 1.14877628005413e-09 7.32356428602557e-10 1.55782762003846e-09 1.53489872440421e-09 2.62947266432563e-09 6.71925616780549e-09 8.365877911545e-09 1.08309968503408e-08 1.65302857180878e-08 2.58326259092709e-08 2.37190111669875e-08 2.18203208563208e-08 1.24601622506594e-08 8.88605731669354e-09 2.79690891616834e-09 1.94098973231526e-09 2.03361807811106e-09 1.53773614404167e-09 2.25787800783253e-09 1.15679266086597e-09 0 0 9.51905615994325e-10 0 0
"13" 1.00155184527335e-09 0 2.79092014370529e-10 1.53138131401147e-09 3.37918001684017e-10 7.17369656330578e-10 4.73910446227515e-10 1.98633519463264e-09 2.06715669224467e-09 4.83463078674582e-09 5.07397467137943e-09 8.09104761795724e-09 1.54760000557374e-08 2.18089537496347e-08 3.34682945111265e-08 3.41433879610206e-08 1.63195897839816e-08 9.56226078244296e-09 1.14390399202982e-08 5.19830235139375e-09 1.83981316723198e-09 3.14389074056073e-09 1.09886400867233e-09 2.36027045321934e-10 3.462209778208e-10 4.19667209383949e-10 1.0290246057067e-09 1.07660002682803e-09 1.18734771050424e-09 3.67123746925574e-10
"14" 0 2.4723260129472e-10 0 3.96186756263687e-10 7.97968117747369e-10 1.04157282619369e-09 2.86308957678733e-09 2.75200116778824e-09 4.08412202783162e-09 2.83999384741148e-09 3.93057018527657e-09 7.5669156227351e-09 1.62465160844922e-08 1.92238481627208e-08 3.10474111957011e-08 3.77281148443503e-08 9.98378018661934e-09 1.40338454423958e-08 7.84540520766579e-09 3.03222860383707e-09 2.79672510775465e-09 1.19636875004046e-09 9.38692932215462e-10 7.87001989377934e-10 5.35522421055079e-10 2.00585821075088e-10 8.80553017835135e-10 8.19264201543711e-10 9.45705681696924e-10 8.20490513418037e-10
"15" 4.0878373891132e-10 2.50737468722302e-10 4.23926097011746e-10 4.41073740330875e-09 1.23474334430083e-09 6.18759729986935e-10 5.1794137911501e-09 3.0398666591465e-09 1.2489902545305e-09 4.49427214772729e-09 7.07801446470391e-09 6.50201151780326e-09 1.32795549678475e-08 2.22953905697889e-08 4.8849341886535e-08 3.09899742767916e-08 2.28710234981262e-08 7.91236090052033e-09 1.17885568994147e-08 8.21418584921491e-09 4.77429406132308e-09 0 9.49294697308908e-10 4.41521435393175e-09 1.69192631531029e-09 2.28389652845876e-10 4.85355595381522e-10 1.99475206643304e-10 0 0
"16" 4.05474932301476e-10 0 3.79676094835159e-10 1.34513928531852e-09 1.86504214364963e-09 1.28269818604793e-09 5.01291758924959e-10 1.58396792794343e-09 2.19557275559034e-09 4.26790361540744e-09 5.95065478515804e-09 1.02088501850903e-08 2.04619020214603e-08 2.20317053747454e-08 4.5505700969762e-08 2.80485545074036e-08 1.38801030064535e-08 8.2150013820813e-09 9.77614981980245e-09 1.84840823165357e-09 2.47444206723133e-09 3.07433799018637e-09 3.00881718406886e-09 0 3.12841882557021e-10 7.28884079999714e-10 5.23442961914023e-10 1.55010390509567e-10 0 9.10194847681858e-10
"17" 2.37107251670158e-10 7.09504960399989e-10 9.0654838069469e-10 1.68374326517339e-10 3.18407098385491e-10 8.95614799973447e-10 9.793885345542e-10 1.05877229562132e-09 2.50650612511737e-09 1.74938178707453e-09 4.58571644736012e-09 1.01283031307247e-08 1.08293891771377e-08 3.00358852029694e-08 3.80361315604566e-08 5.33960092772585e-08 1.97390692813381e-08 9.14534472748033e-09 6.85537924353994e-09 6.41040616267085e-09 4.84091170889177e-09 3.85719815384468e-09 1.64870440203088e-09 1.04888980214611e-09 1.10916767856383e-09 3.5599613142321e-10 1.1528700543732e-09 1.47194057627021e-09 3.0484335287539e-10 0
"18" 0 1.00254633061323e-09 1.08229991012809e-09 4.67431991997795e-10 5.63046258779093e-10 7.46158438128755e-10 1.26558916404683e-09 2.47894863748747e-09 1.98398886182461e-09 2.88226879933759e-09 9.65524490419245e-09 9.39114492815707e-09 1.08853983820583e-08 1.97827545044033e-08 4.05919467706249e-08 3.22545528457292e-08 1.16459589389093e-08 1.01602007328266e-08 6.267480650376e-09 2.3334966083022e-09 4.02125758403939e-09 2.5636413367221e-09 1.50318958322069e-09 1.53643223277387e-09 1.16622144026145e-09 0 7.36817902750458e-10 0 1.16816503532021e-09 0
"19" 0 0 4.51194766279265e-10 2.32254090463315e-10 3.26218888193522e-10 6.21698367070954e-10 1.60228741030478e-09 1.48260702833844e-09 2.00406285185856e-09 2.60591246185847e-09 4.73963345609713e-09 1.22540441572957e-08 1.22667852202775e-08 2.26353113940503e-08 3.07344128086695e-08 2.62678607462338e-08 1.34084072905591e-08 8.51535402426525e-09 1.08655577306345e-08 3.54642862377482e-09 2.22919977468599e-09 2.89575716174667e-09 8.0930946798001e-10 0 4.20703334545083e-10 0 4.6572796175091e-10 1.28353751486843e-09 3.85718832838928e-10 4.30456418105059e-10
"20" NA 4.47581023598341e-10 5.89101842128576e-10 3.35184971535801e-10 1.48237110317573e-09 6.98203896100397e-10 1.23447788820462e-09 3.25812642076119e-10 2.16498637948565e-09 1.62807645555774e-09 3.79452660203223e-09 5.50168430154922e-09 1.02199417604741e-08 1.75888891325139e-08 2.32217083088072e-08 1.39584796764864e-08 1.53913100904858e-08 1.08586270792445e-08 2.06910739015522e-09 7.08970081216371e-09 3.31756970843099e-09 5.57974173260901e-09 2.00166920251242e-09 1.93708083998202e-09 1.43998157476011e-09 1.14936711486931e-09 3.95965583229101e-10 2.86093347750326e-10 0 NA
"21" NA 4.2364474609585e-10 3.42581778649037e-10 2.51688345213177e-10 6.38882486539119e-10 1.56377697072795e-09 1.14056414222339e-09 1.61459269265974e-09 8.36194571326993e-10 2.72285811168098e-09 6.09788835236645e-09 4.43343825079844e-09 7.84894084562738e-09 1.44111024804701e-08 2.44678869532165e-08 2.73453396975699e-08 1.18140870569052e-08 7.23755218835969e-09 6.18728570064786e-09 3.75812503354857e-09 4.76063572304201e-09 3.67733132757089e-09 5.51350793284098e-10 0 1.55725794205503e-09 7.46894247874745e-10 0 0 2.68405905879346e-10 NA
"22" NA 6.26179750378157e-10 1.05044077623487e-09 1.65489572483287e-09 2.11250346743301e-09 0 0 2.52078769390426e-09 2.56688335852373e-09 2.37469324064067e-09 3.4780465134458e-09 4.18499660281125e-09 8.65970904822587e-09 1.59731145036742e-08 1.41632463914703e-08 1.98465847853805e-08 1.07597849864962e-08 1.02047457030809e-08 7.43908355410696e-09 1.37996115714434e-09 2.4855569977573e-09 1.24509050643704e-09 2.90742369825128e-09 3.33274534070852e-10 9.62654613049716e-10 1.07723526800691e-09 5.13060341303519e-10 1.00736235680998e-09 3.07398864572782e-10 NA
"23" NA NA 0 6.69585420127572e-10 4.30094729620993e-10 0 7.04000493014233e-10 2.14119441469923e-09 2.02357929686988e-09 4.74480385168607e-09 6.43892260626335e-09 5.5600975017016e-09 6.81391832583937e-09 4.08594740101488e-09 1.11217472367841e-08 2.00659888500886e-08 6.93233604610051e-09 4.02487915309136e-09 5.07597289500327e-09 3.416749855764e-09 1.6817047072743e-09 2.16106489285542e-10 1.72586119681231e-09 0 0 2.96938294221484e-10 7.13008152718165e-10 2.49458584389738e-10 NA NA
"24" NA NA NA 1.46695450111393e-09 7.96956813691084e-10 0 9.28353687181981e-10 1.52320922196992e-09 1.39310921413488e-09 1.94672932355494e-09 4.35927402190517e-09 3.45909576200469e-09 6.95856336090507e-09 1.0144651576278e-08 7.64227337678222e-09 6.3047027538316e-09 1.20533031192505e-08 8.81195459852162e-09 4.44969736288951e-09 3.86820701076875e-09 3.9640764259499e-09 5.41523275818658e-10 2.94497544129184e-09 7.7098313477325e-10 1.79609249273298e-10 1.35850640591831e-09 1.64611688669214e-09 NA NA NA
"25" NA NA NA 1.23013667267171e-09 0 4.78792703096458e-10 2.17093015223564e-10 1.12886681173816e-09 1.09317634172375e-09 3.69058690160339e-09 3.21586566353771e-09 2.82926865306382e-09 1.04646011495535e-08 4.52729425328508e-09 6.36095569277632e-09 8.40725374068159e-09 8.43211166363185e-09 4.55863177170908e-09 4.71851464756817e-09 5.11375662257633e-09 2.91395066057753e-09 1.89551734773591e-09 6.94449193999183e-10 9.66455943963001e-10 2.59583952505603e-09 4.85552049843659e-10 0 NA NA NA
"26" NA NA NA NA 1.35110199525178e-09 7.39395293895425e-10 1.082944140791e-09 2.09502946913433e-09 4.99810719619968e-10 2.01405762057883e-09 4.29914938084922e-09 3.17604382526934e-09 3.6861618515574e-09 8.19109159002289e-09 4.25649572659991e-09 7.3089365568125e-09 6.49521893526913e-09 1.63005198126319e-09 6.11265704844552e-09 4.81509630739701e-09 1.58191049763337e-09 3.04058971030731e-09 1.33231541227977e-09 5.1667601058119e-09 1.31660080389632e-09 3.51415102575222e-10 NA NA NA NA
"27" NA NA NA NA NA 2.90488386369533e-09 3.6556009256155e-10 6.42356146067088e-10 2.12995175804699e-09 1.86376299783454e-09 2.69325734853675e-09 4.97875500857015e-09 2.82053872709435e-09 5.65648303756651e-09 3.92713230167063e-09 3.65463010128457e-09 5.43176540247837e-09 4.55453841088749e-09 2.70855420950036e-09 3.72086064906143e-10 2.71703486453334e-09 1.21685006215737e-09 1.95012670198283e-09 4.73386421340454e-10 1.08888038011051e-09 NA NA NA NA NA
"28" NA NA NA NA NA NA NA 2.53330142391427e-09 2.297939835872e-09 2.32001067573151e-09 4.95840899589744e-09 3.74828294465911e-09 3.04033560090586e-09 4.18777600762204e-09 3.61265588129796e-09 4.73519697047036e-09 7.09822039368651e-09 8.05972951337807e-09 1.08100994634938e-09 4.01182892633113e-09 9.04775568200348e-10 1.31905708174037e-09 3.17140283250908e-10 NA NA NA NA NA NA NA
"29" NA NA NA NA NA NA NA NA 2.42927434429028e-09 1.69695591464511e-09 4.3417918818787e-09 3.22976370219406e-09 1.21840958353011e-09 3.24923183184711e-09 3.72113360965536e-09 8.49976696038866e-09 5.88120938515731e-09 9.86755597874805e-09 1.44700624410083e-09 1.54026956765387e-09 1.53560160493331e-09 1.42960696598722e-09 NA NA NA NA NA NA NA NA
"30" NA NA NA NA NA NA NA NA NA NA NA 1.73793660841885e-09 2.61037611086101e-09 5.51473639403593e-09 5.1065121940871e-09 5.36857245985728e-09 3.34202171203146e-09 2.30378297293724e-09 5.17608367013317e-09 NA NA NA NA NA NA NA NA NA NA NA
