"V1" "V2" "V3" "V4" "V5" "V6" "V7" "V8" "V9" "V10" "V11" "V12" "V13" "V14" "V15" "V16" "V17" "V18" "V19" "V20" "V21" "V22" "V23" "V24" "V25" "V26" "V27" "V28" "V29" "V30"
"1" NA NA NA NA NA NA NA NA NA NA NA 7.81591102054322e-09 8.3848844238598e-09 8.45023105122607e-09 9.26725168500221e-09 1.31547482421713e-08 9.33449165345686e-09 5.25056971973996e-09 6.10404566755007e-09 NA NA NA NA NA NA NA NA NA NA NA
"2" NA NA NA NA NA NA NA NA 2.05545871222159e-09 5.51419573539522e-09 4.87847622278447e-09 5.67155747990555e-09 1.02735533417182e-08 1.11625645219247e-08 9.69861362397103e-09 1.42083181074108e-08 5.31186507906637e-09 4.75799481757016e-09 6.9881999295379e-09 8.27415166405242e-09 3.77114106863457e-09 3.01952476184796e-09 NA NA NA NA NA NA NA NA
"3" NA NA NA NA NA NA NA 1.6616049862356e-09 4.13574111058405e-09 5.37993262372136e-09 5.65504922378631e-09 7.65164880149030e-09 8.84863273254727e-09 1.89916586255718e-08 1.39090201146808e-08 1.14011369369927e-08 1.12408478751875e-08 9.19473825585798e-09 4.43470853934466e-09 4.70051057638354e-09 2.90665892289345e-09 3.45423748521035e-09 4.5417291974709e-09 NA NA NA NA NA NA NA
"4" NA NA NA NA NA 1.80385910341109e-09 1.78054357254921e-09 1.34622742659754e-09 5.02580784107004e-09 2.73149110262749e-09 7.42150256183065e-09 6.03890261676402e-09 1.03155958948975e-08 8.91675567271189e-09 1.58843052232775e-08 1.60793520146363e-08 1.74567936274424e-08 9.81291460581833e-09 6.51711169345886e-09 5.300575275631e-09 5.47878729346365e-09 3.17910486628907e-09 3.11550398468222e-09 3.06719809908604e-09 2.76326068664203e-09 NA NA NA NA NA
"5" NA NA NA NA 1.14310639893338e-09 2.18624509869348e-09 2.54496573012318e-09 2.95320425097946e-09 3.4070183534717e-09 5.08801647325024e-09 5.52974839840607e-09 7.39769731850413e-09 1.2795632992026e-08 1.26754938130832e-08 1.42053419165817e-08 1.67747355105646e-08 1.50463760180377e-08 1.74731853548368e-08 5.86876126945464e-09 8.30034454204137e-09 2.19661435945822e-09 5.92393905576884e-09 9.25675027312462e-10 7.96357332525737e-10 2.69497275020659e-09 2.45084763937558e-09 NA NA NA NA
"6" NA NA NA 1.40190008598873e-09 2.21509066620182e-09 9.83598960255449e-10 4.83488406952484e-09 5.29929047253311e-09 4.42863783216084e-09 5.80761403767296e-09 8.70040811388479e-09 7.38215944390007e-09 9.65476751632914e-09 2.19270596319978e-08 2.87949487756902e-08 2.0086605832875e-08 1.42308260575725e-08 1.35641683467838e-08 1.03323270382073e-08 6.03210971512544e-09 5.05402759184344e-09 2.66272614615807e-09 3.68129480076638e-09 1.74188559149413e-09 2.06272067046954e-09 2.43285834776087e-09 7.14262731928341e-10 NA NA NA
"7" NA NA NA 2.31369158337361e-09 5.61061138376956e-10 1.25958089399785e-09 1.84235459778919e-09 1.34851299374466e-09 4.53580387053467e-09 7.66164222115233e-09 1.1038435758723e-08 6.63453460705404e-09 1.93162926321986e-08 2.08314458913428e-08 2.77775243500569e-08 2.57719948273527e-08 1.9248653188481e-08 1.34806751475807e-08 1.56045840187853e-08 1.57477240069458e-08 3.82435328924361e-09 3.78510991748752e-09 3.86388099089221e-09 1.74115081590139e-09 2.25668745837654e-09 3.11716853112402e-09 5.97805372907071e-10 NA NA NA
"8" NA NA 1.4074517598333e-09 9.51439217679704e-10 1.03557670867865e-09 1.37344013509716e-09 2.74599619507532e-09 1.32627580221682e-09 4.54841156850505e-09 5.26066853984581e-09 9.82350299934908e-09 1.01322676482644e-08 1.50864175947086e-08 2.60575258099977e-08 2.63534972404062e-08 4.18194161385793e-08 2.33362570249379e-08 1.58335481476198e-08 1.28600458981249e-08 1.14267636408009e-08 7.14361640570877e-09 5.25251998583138e-09 2.16910991840824e-09 2.11579397150356e-09 1.80149223948056e-09 2.20414517995765e-09 1.5485806331647e-09 2.33800629475781e-09 NA NA
"9" NA 2.10327234256335e-10 1.26124586598905e-09 6.54625900560346e-10 1.01833227381163e-09 1.4887047904702e-09 3.89816298928597e-09 4.98008357121273e-09 3.67565352299845e-09 9.16657879898075e-09 4.67939786314056e-09 7.68500172336939e-09 2.17111073564545e-08 2.55447582010828e-08 4.28562629697277e-08 4.54003449029723e-08 3.7578633265095e-08 2.50211857984332e-08 1.72026971606125e-08 1.33362467984533e-08 5.55801212324509e-09 5.24631181423315e-09 2.48322766324876e-09 4.25140577329223e-09 3.29637386840139e-09 3.11495213441006e-10 2.67016622830806e-09 1.44811277378737e-09 1.54273273732108e-09 NA
"10" NA 6.30754867173877e-10 1.00127403514313e-09 1.58570185771985e-09 1.96067935130031e-09 1.82018596595278e-09 1.4342813177152e-09 3.03649328029632e-09 9.69397489094334e-10 7.65630959748572e-09 1.00393143416205e-08 1.33206233922614e-08 2.71994409949212e-08 3.45595563360042e-08 5.78182441159065e-08 5.22308696786858e-08 3.33778073166337e-08 1.71527435063611e-08 1.42882714108101e-08 9.88696933923649e-09 6.03861352390795e-09 4.73849596389785e-09 2.91498102263797e-09 1.22174353430254e-09 2.95319546084001e-09 1.776724728961e-09 1.90514686032552e-09 1.93242840328152e-09 6.0905754894539e-10 NA
"11" NA 2.51368422848023e-09 9.71257559087773e-10 7.04096657407959e-10 3.66417117892898e-09 3.55439028620655e-09 1.77560839620148e-09 3.76573525339063e-09 3.68559641238124e-09 5.64875385936063e-09 6.36834521709267e-09 1.40663419450927e-08 2.04847653878451e-08 3.17402771763312e-08 5.57239786189775e-08 6.09531417634221e-08 3.48462166282899e-08 2.15455439781785e-08 1.34226531017979e-08 1.47169692930966e-08 9.82681040398759e-09 8.02865563666775e-09 3.80846106205052e-09 4.97192291908525e-09 3.66916972724794e-09 3.46799412283453e-10 4.10959234099138e-09 9.67428044279067e-10 4.21620655660646e-10 NA
"12" 1.61502374720994e-09 8.20926546434678e-10 1.29962650451312e-09 1.16030274166813e-09 9.36060022198994e-10 1.34243196772796e-09 1.57127444585476e-09 3.61437154631827e-09 3.10501550380823e-09 4.34891075012806e-09 6.4614001866239e-09 1.40685032863895e-08 2.6146556140642e-08 3.8189669237814e-08 6.26531120118539e-08 4.68111075241904e-08 4.17003145608259e-08 1.79718039097483e-08 2.30044679381666e-08 1.04187455694793e-08 7.03488953103732e-09 6.19306554487096e-09 2.07667858226513e-09 4.97562041223097e-10 1.74948513798261e-09 4.00531521784442e-09 2.59742277644247e-09 1.19483947522871e-09 1.17101587736109e-09 1.76831342638294e-09
"13" 0 9.93429607230024e-10 1.55753478932789e-09 1.00345547856599e-09 1.8878840834004e-09 3.96700481062973e-09 2.75620284219881e-09 3.76555422855497e-09 4.59609598230736e-09 6.13489977538241e-09 9.50303659580776e-09 1.68958393105765e-08 2.10425017981219e-08 3.74083357448943e-08 5.13792384154619e-08 5.23844693378878e-08 3.90823337993827e-08 1.3590268510331e-08 1.15884802667344e-08 9.42682272135326e-09 6.38475597928048e-09 4.54855951770444e-09 6.95717431118021e-09 4.85035996943036e-09 5.7237878750661e-09 2.01347559960627e-09 1.61729388072552e-09 1.03378337779892e-09 9.10486075682521e-10 7.27031374190171e-10
"14" 4.31286065544423e-10 1.35953864793289e-09 2.51913822547417e-09 1.28421196019302e-09 1.93635973213378e-09 2.74928781500671e-09 2.96387736915239e-09 4.89705045456416e-09 6.05488097302821e-09 1.26171717808248e-08 1.21018047966062e-08 1.77911979542308e-08 1.861914609488e-08 5.21584772210082e-08 6.28404446764394e-08 1.07784160266073e-07 4.44695287958032e-08 2.0505324017201e-08 1.84802220040854e-08 9.881158194316e-09 1.13158076488629e-08 7.5821636839568e-09 2.81933855725811e-09 4.62645015359712e-09 1.46596255183972e-09 1.23345218111979e-09 9.42584127994002e-10 1.79172302254816e-09 1.61046949472963e-09 2.16668403370251e-09
"15" 8.78951256634684e-10 1.69081680898665e-09 1.53419866950081e-09 1.70746937446266e-09 1.29800038196072e-09 3.52804284082212e-09 2.76986483537608e-09 4.57221651416485e-09 5.95095052751591e-09 5.11503178790565e-09 9.12176874110504e-09 2.26738109932543e-08 4.29826677675062e-08 4.811197848005e-08 8.08428914620737e-08 5.29214617949406e-08 6.91569817101468e-08 2.08300873004231e-08 1.65978517967748e-08 1.09210756180618e-08 7.41437447294753e-09 6.82216685844183e-09 5.25412513476914e-09 3.78444181189345e-09 1.86574024421971e-09 2.197075402516e-09 1.53675045940978e-09 1.46519234688819e-09 4.70246411290471e-10 6.03643658809493e-10
"16" 8.58518784450973e-10 8.84913705322784e-10 1.64586087110597e-09 1.75557416922689e-09 1.79372018376389e-09 1.58483167466811e-09 3.44541920762342e-09 2.67571441527683e-09 4.84744947619585e-09 9.86479220965438e-09 9.93815411611342e-09 2.12747728630374e-08 2.54171755932388e-08 5.16308340560217e-08 8.19002085052855e-08 7.47239317874099e-08 4.2070976685338e-08 2.37394325654447e-08 1.89711447670317e-08 1.31274612193299e-08 1.17673785753994e-08 6.0067392556823e-09 9.83063715359067e-09 4.39174766675188e-09 2.9935428922977e-09 3.68022926101317e-09 1.06498850595581e-09 5.67413599819527e-10 1.69467997485754e-09 1.39883220928621e-09
"17" 1.05056873464089e-09 3.05759950222279e-10 9.46518585455475e-10 2.42007941516575e-09 1.41739261053934e-09 2.50821712385493e-09 4.47190866180161e-09 4.26533939760644e-09 7.7125774886083e-09 2.96313460928722e-09 1.24454704591332e-08 2.12695628296454e-08 2.84657375031854e-08 5.56455688497025e-08 8.95092627898971e-08 7.9153078840919e-08 5.05441550726061e-08 1.92205813468822e-08 1.27551074535954e-08 1.08920528865341e-08 1.17401675817118e-08 9.00676759576496e-09 5.77907570845546e-09 2.83860291020284e-09 2.19836086820583e-09 3.20345346073346e-09 8.27577357607203e-10 7.33897743188168e-10 1.99231676662851e-09 1.3324179673381e-09
"18" 8.18046433741141e-10 1.50234470093384e-09 0 1.56378347285953e-09 2.24637203516546e-09 2.70428737983572e-09 2.12400181998654e-09 2.32726026736985e-09 3.46232919054596e-09 4.59039836526172e-09 7.10158632507665e-09 1.26712641842844e-08 2.81602588478746e-08 5.56089181081052e-08 6.08899401632524e-08 6.39386477263701e-08 5.17366347485489e-08 2.30776453528357e-08 1.71855621409135e-08 1.29508263900053e-08 4.17445674908291e-09 4.63763246251277e-09 4.71787532794516e-09 2.16439227794831e-09 2.7510243895895e-09 2.65270660053445e-09 4.74113617062895e-09 4.28204990040809e-10 8.71198488181657e-10 1.08543954333661e-09
"19" 4.34796869015637e-10 1.30769981928775e-09 9.63814847412025e-10 2.58478242141766e-09 1.72562940742017e-09 2.59238901610434e-09 3.8199916356115e-09 1.70572342178692e-09 6.03780071403065e-09 5.49031406349095e-09 1.21887196285548e-08 1.04180265485385e-08 3.14922391891714e-08 4.65242204231165e-08 7.51831435441526e-08 6.23738469411265e-08 3.47311350342658e-08 2.39394813544363e-08 1.86912777549783e-08 6.17923312750729e-09 5.24041063355393e-09 3.02732062497341e-09 5.45829563609594e-09 3.37247437916436e-09 3.22387614497743e-09 2.1952351180113e-09 2.73641065372316e-09 3.20613423078946e-10 8.59938266007585e-10 8.16221093094685e-10
"20" NA 1.72545130617032e-10 5.97824659044002e-10 1.06527759133588e-09 7.46134444740639e-09 1.5533492962879e-09 2.17683818959866e-09 3.26203313839816e-09 3.37768327997029e-09 5.05961324978256e-09 7.45368064265162e-09 1.74442352974666e-08 2.28831455007463e-08 3.43265347477077e-08 6.18130536611582e-08 5.21877774927978e-08 3.2366632878002e-08 2.29301625075426e-08 1.85895723678497e-08 1.0560756941091e-08 1.01006584123805e-08 4.05678725901284e-09 6.23989789347537e-09 2.57236489676855e-09 3.14397743277841e-09 3.14638411252673e-09 2.77563891623815e-09 1.04888737396834e-09 3.87059406170188e-10 NA
"21" NA 2.24069383790488e-09 4.40675237437696e-10 2.44172956311232e-09 1.0885539626879e-09 3.22401320008833e-09 2.74368785641615e-09 1.86673289466312e-09 4.0374117711097e-09 8.54650287029578e-09 7.08351719889750e-09 2.23606509738434e-08 2.04966580365182e-08 3.14423005987652e-08 5.29451282932487e-08 5.24771060346037e-08 3.86423869446935e-08 2.00183804266293e-08 1.79883353852467e-08 1.56110396216278e-08 7.59570224580622e-09 5.19814564648672e-09 3.57037351029276e-09 2.21975904756716e-09 1.81470494706116e-09 9.17612422129084e-10 2.29755222109637e-09 2.75697452174579e-10 2.4252718846116e-09 NA
"22" NA 7.83028900798646e-10 1.31183882231707e-09 1.34831086180941e-09 9.61476054440968e-10 1.90048641380225e-09 1.42813233682796e-09 4.12259327921294e-09 4.77337620131642e-09 7.85384726092897e-09 1.15941884990392e-08 1.78266387624115e-08 1.72859236316628e-08 3.10549189448148e-08 4.98016472206353e-08 4.62322580825984e-08 3.2554049102818e-08 2.37650668703929e-08 1.67836476155893e-08 1.29246960993763e-08 9.72073634667168e-09 6.7013706826021e-09 3.87222687991005e-09 3.61102971112509e-09 1.26173965686973e-09 1.35493267630056e-09 9.12579537439666e-10 7.4952863976333e-10 3.59777658357126e-09 NA
"23" NA NA 8.94085883046849e-10 4.68273581251001e-10 1.95099004964057e-09 1.0499702156802e-09 2.67666208515952e-09 2.17296412593876e-09 5.41259801920917e-09 7.07659672621478e-09 3.22805882432591e-09 8.34156508764513e-09 1.94500347136283e-08 3.62751045043374e-08 4.48429465103591e-08 3.05369265866529e-08 2.91808019396225e-08 2.69784610520229e-08 9.48950370798088e-09 1.32824072671287e-08 4.78852428806657e-09 5.65026240998307e-09 6.5546532465063e-09 5.1965509238172e-09 2.71311673448987e-09 2.18409926397788e-09 0 1.79829046979872e-09 NA NA
"24" NA NA NA 1.17697243107981e-09 2.10706728619865e-09 2.63429919554319e-09 2.19814347116184e-09 1.64243009446029e-09 1.71613648517966e-09 5.21601868577532e-09 5.43069718953635e-09 9.68560404853188e-09 2.15991222288967e-08 2.56559191990768e-08 2.50510578390472e-08 2.62521531244329e-08 1.56210320722301e-08 1.57477863902063e-08 1.37961762917119e-08 1.02697896566325e-08 2.62800593751586e-09 8.94441546526752e-09 4.78219494504436e-09 4.07320234830445e-09 3.15968024179241e-09 3.32233883729207e-09 1.70266622066589e-09 NA NA NA
"25" NA NA NA 2.25748144014154e-09 1.58152556905675e-09 2.81926230953336e-09 2.03283424561365e-09 5.54837172432254e-09 3.03389186443811e-09 5.67055581629388e-09 5.72706641572926e-09 1.13697680257813e-08 1.6913521013387e-08 1.78698988479619e-08 2.34582999514081e-08 2.30089984834706e-08 1.92191187497277e-08 1.25632173575032e-08 1.18829113706794e-08 1.01626665439695e-08 1.05043649132349e-08 5.0247631164247e-09 3.34410048505737e-09 4.67106999144823e-09 1.97798942478627e-09 1.05525809160767e-09 3.63167986033134e-10 NA NA NA
"26" NA NA NA NA 8.17909739530533e-10 1.49074050440294e-09 2.35075542764814e-09 4.26141089997927e-09 3.15066334724871e-09 3.92408597164034e-09 7.11310213153624e-09 7.56177776787984e-09 9.29884709249778e-09 1.98412835292989e-08 2.69407731814174e-08 3.13644793007064e-08 1.46088661960185e-08 1.37246262341519e-08 7.71398016653783e-09 7.46429804436751e-09 3.949209554644e-09 5.30462048558522e-09 2.83111906375408e-09 1.59366520315847e-09 3.04095450717078e-09 5.4566340675968e-09 NA NA NA NA
"27" NA NA NA NA NA 6.48358036773198e-10 4.0391348137792e-09 3.16193282878547e-09 4.21011442111781e-09 2.71046215178586e-09 7.92219686380335e-09 7.82480760045599e-09 7.32089782695061e-09 1.77061067593902e-08 1.74101836889045e-08 1.91500398456284e-08 2.02717642694287e-08 1.09766011037818e-08 7.62062812624040e-09 8.89066244289104e-09 3.35060923777432e-09 4.0882746808456e-09 4.04828525770702e-09 7.52560698514397e-10 5.29774993524971e-10 NA NA NA NA NA
"28" NA NA NA NA NA NA NA 2.71588986832566e-09 2.90098849286883e-09 1.74971472021418e-09 9.9817197208552e-09 4.48747668164002e-09 7.63341669373553e-09 1.24305905257169e-08 1.12736859632109e-08 1.99944910018304e-08 1.45232482015191e-08 1.10289762286819e-08 9.93772680725464e-09 4.87983209175636e-09 4.55974109353917e-09 2.25190935996397e-09 5.69919664935728e-09 NA NA NA NA NA NA NA
"29" NA NA NA NA NA NA NA NA 2.6477600092544e-09 2.45770089392656e-09 4.73660448541628e-09 4.84589534086972e-09 1.00714183027535e-08 1.2183980333106e-08 1.09426384019547e-08 1.1060735460183e-08 9.86258965484224e-09 1.25072084766306e-08 1.05987948591022e-08 4.05943963961585e-09 3.03021271684898e-09 3.53125428040691e-09 NA NA NA NA NA NA NA NA
"30" NA NA NA NA NA NA NA NA NA NA NA 4.8302582605332e-09 5.03098971998888e-09 8.70957127418312e-09 1.56792217138727e-08 1.24219967469271e-08 1.09163050583094e-08 4.93843128385996e-09 6.10582345913074e-09 NA NA NA NA NA NA NA NA NA NA NA
