"V1" "V2" "V3" "V4" "V5" "V6" "V7" "V8" "V9" "V10" "V11" "V12" "V13" "V14" "V15" "V16" "V17" "V18" "V19" "V20" "V21" "V22" "V23" "V24" "V25" "V26" "V27" "V28" "V29" "V30"
"1" NA NA NA NA NA NA NA NA NA NA NA 1.07762444298167e-08 1.17421949090025e-08 1.59936848949137e-08 1.6511641782069e-08 2.01505284564742e-08 1.27417078772705e-08 1.96902811776844e-08 1.41710704607611e-08 NA NA NA NA NA NA NA NA NA NA NA
"2" NA NA NA NA NA NA NA NA 5.18333370639836e-09 1.21621487021177e-08 8.6148381181168e-09 1.19586079040793e-08 2.1787557759623e-08 2.16551119880318e-08 2.27281561607804e-08 2.7206629613518e-08 1.93012835682338e-08 1.48803004465064e-08 1.62618517327615e-08 1.62303358371493e-08 8.48170956175323e-09 6.89793096093247e-09 NA NA NA NA NA NA NA NA
"3" NA NA NA NA NA NA NA 6.41234886390367e-09 9.39875722861629e-09 1.42531363373387e-08 7.87812213152784e-09 1.33647407018078e-08 1.7313297328029e-08 2.29189368639476e-08 3.24917178024682e-08 2.51180091827892e-08 2.77531394911838e-08 2.45371381938992e-08 1.99814097473849e-08 1.2371802137132e-08 1.20726607157302e-08 6.28945564734332e-09 5.25355080014736e-09 NA NA NA NA NA NA NA
"4" NA NA NA NA NA 1.71051555591652e-09 4.82040151699925e-09 7.17757511930273e-09 4.85370454978929e-09 1.05005565028163e-08 1.21324088472797e-08 2.20506436857797e-08 2.02319550988592e-08 2.63522531123069e-08 3.4420081118259e-08 3.07861175702402e-08 3.31535900209855e-08 2.30967905341416e-08 1.71093984091197e-08 1.42087891466369e-08 1.42698681776427e-08 9.40385679059208e-09 5.04810447045269e-09 3.04580992910208e-09 3.43719929352575e-09 NA NA NA NA NA
"5" NA NA NA NA 2.80364558060989e-09 5.39386078518947e-09 6.68569328692905e-09 4.47619993767816e-09 9.70120622530405e-09 8.4940787357693e-09 1.94777372150058e-08 1.63284791461628e-08 2.36086025347703e-08 2.89840346151287e-08 2.97091607551264e-08 2.91185124730974e-08 3.18354339070229e-08 2.37259815398523e-08 2.17657474634959e-08 1.36412226540633e-08 1.22580583580102e-08 1.11230231011001e-08 4.92695049310547e-09 5.36050655276379e-09 2.89202960481145e-09 3.91402963377838e-09 NA NA NA NA
"6" NA NA NA 2.57987159702313e-09 5.07186336924057e-09 4.45796924224023e-09 7.05801300881233e-09 5.27601493007338e-09 1.14951286994325e-08 6.48344334186735e-09 1.34647950346344e-08 2.20694672899201e-08 2.41345079204219e-08 3.56766171628523e-08 4.35962673474146e-08 3.89555142712118e-08 3.38180403977819e-08 2.96562051039415e-08 1.49639269295553e-08 1.45246821409324e-08 1.34198284921498e-08 1.15101227331104e-08 7.98113682069701e-09 4.91638227740497e-09 3.54541771284867e-09 4.2190836966543e-09 5.1445826618445e-09 NA NA NA
"7" NA NA NA 2.46922367555492e-09 3.76021471708282e-09 4.98460636270852e-09 9.4205166102904e-09 7.42351126822347e-09 1.18378213433151e-08 1.39323339211091e-08 2.01949515101129e-08 1.46185449717519e-08 2.88559553615301e-08 4.46581181798763e-08 3.79367126360391e-08 4.28670207990746e-08 3.42002641747051e-08 3.18487561658246e-08 2.37789382027907e-08 2.02701563508757e-08 1.09954176708886e-08 9.90776103396717e-09 6.49134444982283e-09 6.57318535045462e-09 5.73156240997125e-09 2.9748578273045e-09 2.99589517922632e-09 NA NA NA
"8" NA NA 1.94261778156259e-09 2.70074471443774e-09 1.45204021082407e-09 5.16712947329625e-09 3.91402581165443e-09 5.76240360999413e-09 9.11643675444627e-09 1.49665073838801e-08 1.96155625815246e-08 2.52640287198469e-08 3.20440377766243e-08 4.85734038322076e-08 5.64639963699695e-08 5.03375235220088e-08 5.09314420533003e-08 3.31503821144101e-08 2.34884152679079e-08 2.12672112667529e-08 1.67865610352306e-08 1.08532279946267e-08 6.84838356818139e-09 4.4084283983047e-09 3.05816261381603e-09 7.10513695031093e-09 3.79653136186584e-09 3.79879601349967e-09 NA NA
"9" NA 3.19651308545129e-09 2.95943097608833e-09 3.8025247538069e-09 6.01368480234938e-09 3.90278101317925e-09 6.99098486621914e-09 1.00768504952213e-08 9.73819012877034e-09 1.72305127709924e-08 1.70837205038918e-08 2.31862507370106e-08 3.10831330855628e-08 4.65463307659386e-08 6.52693703245764e-08 5.89483960051371e-08 4.4419453611361e-08 3.50958859657821e-08 2.53984154963725e-08 1.72088499948403e-08 1.53233471786156e-08 1.14709843649655e-08 8.79123191669139e-09 6.60129193283456e-09 4.6708756843876e-09 3.56427998548239e-09 5.28971259472693e-09 1.80306355047288e-09 1.37972631636992e-09 NA
"10" NA 9.48995605994805e-10 2.91981624206178e-09 1.77517588934147e-09 4.13643593309235e-09 8.41112673258651e-09 4.20806843786564e-09 8.89041712819953e-09 9.70808869675952e-09 1.64362472138496e-08 1.32996457879849e-08 2.72680214961273e-08 4.75258211645732e-08 6.5178409538378e-08 8.54173094048976e-08 7.69540950658509e-08 5.98339441934873e-08 3.67964634711928e-08 2.14284028130043e-08 1.69344934335511e-08 1.25666623990359e-08 8.82205268767624e-09 9.89088623248111e-09 6.24272066737467e-09 2.86794378856399e-09 6.03418076581694e-09 4.84332608210029e-09 3.27057326100189e-09 3.09804020842343e-09 NA
"11" NA 2.32019854401981e-09 2.84379111981611e-09 7.3174698973786e-09 5.0097578661756e-09 5.25559682620546e-09 5.75667941869549e-09 7.85748672821171e-09 1.25855897910062e-08 1.61186584381805e-08 1.80162426202284e-08 2.33385601312637e-08 4.48721151951366e-08 6.40549823928144e-08 9.13915758374241e-08 9.87796709385839e-08 6.26579623310599e-08 4.86980359408984e-08 3.43935122929865e-08 1.90405334692906e-08 1.35543678085554e-08 9.63901250739375e-09 9.72748613992139e-09 1.03321387411302e-08 5.70249152889019e-09 3.95713043601426e-09 7.01010810617534e-09 2.81562252677225e-09 2.03577187930269e-09 NA
"12" 2.98501230748407e-09 3.37095102734771e-09 1.73885147352312e-09 2.72995562344757e-09 2.5432102502665e-09 2.19318358799103e-09 3.57029914510006e-09 8.74477616128128e-09 9.04195624339741e-09 1.11054840478137e-08 2.06684217204437e-08 3.22158404211669e-08 4.71131689201088e-08 6.39364527934743e-08 9.37831681411375e-08 8.63462062666612e-08 6.01547248144931e-08 4.81757855208734e-08 2.78050088395963e-08 2.33030697026305e-08 1.4434491409958e-08 1.3606848838496e-08 7.77924552878702e-09 7.43349968168976e-09 4.51502667740419e-09 3.60536545482341e-09 2.68947830081427e-09 4.59038482567501e-09 2.22352840707724e-09 3.75043594976796e-09
"13" 1.20003486276565e-09 2.73512617500656e-09 3.34799824202823e-09 3.10594916514931e-09 2.06691525988167e-09 4.11390869828415e-09 6.42157075582109e-09 8.60004939341765e-09 8.12756618985581e-09 1.80084486818517e-08 1.90344227578095e-08 2.60346624467672e-08 4.66231948522815e-08 6.19259207946173e-08 8.7031593217548e-08 1.09991939492531e-07 6.91056611475306e-08 4.66349389393038e-08 2.74241894984153e-08 2.26723147679756e-08 1.37847530518262e-08 1.44418654067678e-08 8.35712854755696e-09 7.10167016263357e-09 5.08326165343576e-09 5.3805057574681e-09 4.46158048066556e-09 3.25820869178569e-09 1.98749457478978e-09 1.40478555125536e-09
"14" 1.36467122067325e-09 2.4179331468594e-09 2.51571736818975e-09 4.54976496029062e-09 4.42674758053979e-09 3.65946225553058e-09 9.71552434406726e-09 7.2018567401173e-09 1.12040418727341e-08 1.74871341357654e-08 2.24466529778398e-08 3.38341024387164e-08 5.41378879551326e-08 8.56935788196592e-08 1.03498366410379e-07 1.02246039904833e-07 8.06287526857715e-08 5.06600753172689e-08 3.38660491135188e-08 2.71556225218269e-08 2.53133000468075e-08 1.20887303657875e-08 8.63204463233342e-09 5.67963105280798e-09 4.37786799530565e-09 3.59786946502984e-09 3.64401354064677e-09 2.20714596926279e-09 1.94882435920482e-09 2.73364876606534e-09
"15" 2.69842785180215e-09 2.85193202115335e-09 2.0123926725761e-09 4.51914676723651e-09 2.13412727675443e-09 4.79254464470547e-09 7.14127744414411e-09 1.23814751823962e-08 1.12624822193081e-08 2.25673741154198e-08 2.510127278314e-08 3.09855901025764e-08 5.38409828630554e-08 7.61743976239472e-08 1.19729416425997e-07 1.10240540824284e-07 9.14193492413916e-08 5.49493931427132e-08 3.86771629146192e-08 2.15722814285626e-08 2.25653911956664e-08 1.22119205445554e-08 7.27112181156649e-09 7.97718797603509e-09 8.55043906293767e-09 3.92130909291942e-09 4.02121114285466e-09 3.87788622619670e-09 2.94728023415801e-09 3.66835712936487e-09
"16" 3.2918146848681e-09 3.60088900857306e-09 3.40217692517748e-09 3.26382055967964e-09 2.10682471535744e-09 6.6421648618153e-09 6.13540620536471e-09 6.43769811949022e-09 1.46866569291446e-08 1.39357078454573e-08 2.4340285720711e-08 3.8300486624253e-08 5.60387546156042e-08 7.50221432376802e-08 1.17176644649556e-07 1.23718988641099e-07 8.61660907563932e-08 5.23803059130359e-08 3.55783199408781e-08 2.37894252487211e-08 1.5478864250968e-08 9.80106370348821e-09 1.04537889002392e-08 6.9278855133762e-09 4.97409227649052e-09 3.12116581706572e-09 5.49922466762571e-09 4.46743350026553e-09 1.65875003938453e-09 2.44570967706607e-09
"17" 2.25326261728339e-09 2.3116137808485e-09 5.59145210318856e-09 5.12825882594693e-09 1.65882536494741e-09 3.41638690333392e-09 8.33469393634748e-09 7.13244713849461e-09 1.58802423833376e-08 1.63363183398981e-08 1.4790196192176e-08 3.68292119725165e-08 5.35163327039751e-08 9.47926531428455e-08 1.03631904995316e-07 1.1155167523524e-07 8.6743286012988e-08 5.03691154692633e-08 3.01034712056379e-08 2.11069496050319e-08 1.01982156313267e-08 1.35498426700534e-08 8.20041949527148e-09 1.19738090741843e-08 3.65362657995479e-09 4.8904475353639e-09 4.05439571892785e-09 4.06247339150089e-09 2.50916950052034e-09 6.90759241509662e-10
"18" 1.89592198994408e-09 2.84054010735765e-09 3.74046519397768e-09 1.98486008204331e-09 5.43848844954536e-09 8.43759181673355e-09 8.53294024721973e-09 9.91586111014893e-09 1.26366930092192e-08 1.52279411333403e-08 2.22184123599467e-08 3.1395284465856e-08 4.70752004554858e-08 6.39226735079257e-08 9.8092265772997e-08 1.13707139458222e-07 8.42826505293626e-08 4.44956943347481e-08 3.35647160847436e-08 2.10209207455335e-08 1.65182635234968e-08 9.99874838151037e-09 8.33789730525996e-09 8.86639157437773e-09 5.90605603650633e-09 4.8443367517499e-09 4.7563674391807e-09 1.16775690638154e-09 3.82314053519066e-09 3.93710726840479e-09
"19" 2.28292776300588e-09 3.87465271894688e-09 4.18353793213970e-09 2.91016778021397e-09 5.07064178830434e-09 7.29477706135117e-09 7.48835011911923e-09 5.96231161722264e-09 9.59004206056025e-09 1.64160000381729e-08 2.15085769989117e-08 3.07019935704035e-08 4.65796120553532e-08 6.42589367950544e-08 9.16369493653349e-08 9.36171742942003e-08 7.65427011851899e-08 4.31827416082568e-08 3.33510037030706e-08 2.65501161416729e-08 1.64724780932217e-08 8.42485892118071e-09 1.2561746944459e-08 4.75928072405321e-09 5.91672173127193e-09 2.47361932079946e-09 4.30996502700771e-09 2.68012709713984e-09 2.01010207814189e-09 1.55479875056723e-09
"20" NA 1.47407128604631e-09 2.65827639426945e-09 3.26072680711677e-09 5.01828441075881e-09 4.29111011865302e-09 7.99969747719766e-09 6.2808668788638e-09 1.22960873190801e-08 1.06943708045669e-08 2.81235917687555e-08 2.40309583438626e-08 3.55734719922815e-08 6.91123844453441e-08 7.52739826797453e-08 9.78930789463839e-08 6.09263811304366e-08 4.79972188402942e-08 2.55275903718974e-08 1.38945687801481e-08 1.43536384050729e-08 8.52184870552970e-09 7.18077411486763e-09 6.27570290709009e-09 4.89832391110282e-09 6.18254342363254e-09 5.54007793366146e-09 3.345630553431e-09 1.78984525857758e-09 NA
"21" NA 2.33862931983554e-09 1.80476489228495e-09 4.96006898276106e-09 3.78544833187572e-09 7.03908333233374e-09 7.67390815611452e-09 7.88592670413981e-09 9.65786369777003e-09 1.6396509041476e-08 1.51873694646436e-08 3.28305285111355e-08 3.4882477241805e-08 5.88375500763978e-08 7.86590194326077e-08 8.41698434096514e-08 6.55555198691889e-08 4.93491398311323e-08 2.61525663708712e-08 2.0534013375671e-08 1.4675852546886e-08 9.88859671708018e-09 1.14041020679664e-08 5.56970806180832e-09 5.6304403223082e-09 4.40999128686331e-09 2.63457319032972e-09 3.73896319131982e-09 3.35728437970464e-09 NA
"22" NA 2.1645108530389e-09 3.36421324547183e-09 2.16284665991089e-09 3.71517054084979e-09 4.6273918827999e-09 5.94207924433732e-09 1.03551329217e-08 5.95862010369522e-09 1.50736095015342e-08 1.67186400547531e-08 2.64564967407683e-08 3.37661763696013e-08 5.57337369099831e-08 5.41490379429833e-08 6.55714318119666e-08 5.22030778417515e-08 3.97963806227728e-08 3.19721870155624e-08 1.63951992664604e-08 1.43653564210068e-08 9.15680696964647e-09 7.07967415232483e-09 8.60452860363975e-09 3.48515896845231e-09 2.3191837282454e-09 6.87432348249799e-09 2.93066904574736e-09 1.7206918207665e-09 NA
"23" NA NA 2.87009114119084e-09 3.25163580108592e-09 4.91993969374587e-09 5.39849250740623e-09 5.73490348029912e-09 5.68097358134775e-09 8.51129710386657e-09 1.64988053617419e-08 1.64899791435683e-08 2.77843240957614e-08 3.74503956031122e-08 4.25945109187038e-08 5.25898413864202e-08 5.44700113056319e-08 4.84902113722677e-08 3.34466663552734e-08 2.98065215675258e-08 2.12148226990414e-08 1.44087453290919e-08 1.05085182773713e-08 1.08902986609351e-08 7.23324748819743e-09 5.64199305077837e-09 3.96268574996571e-09 4.55243023452786e-09 2.52029014814299e-09 NA NA
"24" NA NA NA 2.43116051392409e-09 5.99580713075647e-09 4.05102678647781e-09 4.06784443945602e-09 6.60017815728538e-09 8.00142034668764e-09 1.25396617132248e-08 1.60747133482884e-08 2.02536813069315e-08 3.08251621102083e-08 3.86552039323628e-08 4.36429844078972e-08 5.02109174071306e-08 4.02109372792523e-08 2.96661077507368e-08 2.23592832876406e-08 1.80568577458137e-08 1.03774904029337e-08 9.72966075648314e-09 9.74237362958461e-09 8.44262967238104e-09 2.075595592616e-09 4.82706239450741e-09 4.32477688088443e-09 NA NA NA
"25" NA NA NA 7.14052011884501e-09 3.82303752869357e-09 5.38105734490775e-09 5.83378495192691e-09 8.9824247034731e-09 9.03325406367119e-09 1.21281416250709e-08 1.3346791995817e-08 2.33036092474493e-08 2.15485569623599e-08 3.68379884617833e-08 4.19343229657861e-08 4.17029792798353e-08 4.51802210183364e-08 3.24176403210292e-08 2.54616127048059e-08 1.55877591340233e-08 7.57443423979349e-09 8.70085300242765e-09 6.5406639013355e-09 3.52573492663424e-09 3.67012832069279e-09 4.06405972327113e-09 3.00505317516316e-09 NA NA NA
"26" NA NA NA NA 3.67146921486065e-09 4.70173548461957e-09 6.54758348895347e-09 9.09199520708343e-09 8.99484106780656e-09 1.04823919412524e-08 1.65471684375369e-08 1.50991757907225e-08 2.19674290996406e-08 3.75681041984519e-08 3.50245486804313e-08 4.69568397407473e-08 3.58659327118992e-08 2.46346665928648e-08 1.58077377379253e-08 1.248980988255e-08 9.69544096092862e-09 6.62627608632018e-09 4.06859423160728e-09 3.79605167538068e-09 6.6544519634193e-09 3.04318257032009e-09 NA NA NA NA
"27" NA NA NA NA NA 5.63854263029265e-09 6.68863125753782e-09 7.38117167452548e-09 6.36515742700307e-09 1.42288343574576e-08 1.93667147458226e-08 1.61464400398534e-08 1.76763496939835e-08 2.87725052276682e-08 2.89211724232603e-08 3.23029870776554e-08 2.8185774526295e-08 2.84737123935034e-08 1.87231396967175e-08 1.41202688932913e-08 9.04627937856916e-09 7.18105695728062e-09 7.23926093527249e-09 3.06112042405138e-09 2.56248272560729e-09 NA NA NA NA NA
"28" NA NA NA NA NA NA NA 5.42198213457442e-09 7.68750367513412e-09 1.32816060166628e-08 1.15727026004779e-08 2.41620441916993e-08 2.12821507533956e-08 2.15071574313913e-08 2.25763178682143e-08 2.66244632219225e-08 2.18745108867514e-08 1.93445975148007e-08 2.53032565990394e-08 1.18958239581461e-08 1.47375523519224e-08 6.11429020826833e-09 5.66604817952116e-09 NA NA NA NA NA NA NA
"29" NA NA NA NA NA NA NA NA 7.22673969532555e-09 1.01017980210427e-08 1.173751160437e-08 1.42269245163979e-08 1.35250313892346e-08 2.1332602964967e-08 2.21830479773275e-08 2.17664785178572e-08 1.57415937674151e-08 2.18615016501118e-08 1.20906560478653e-08 1.17090308030086e-08 6.12850281226151e-09 7.22940538598393e-09 NA NA NA NA NA NA NA NA
"30" NA NA NA NA NA NA NA NA NA NA NA 1.23418367995937e-08 1.40934782507067e-08 2.2859681860277e-08 1.77967354427883e-08 1.7641535520132e-08 2.34643061504386e-08 1.93302333897408e-08 1.23814551982039e-08 NA NA NA NA NA NA NA NA NA NA NA
