"V1" "V2" "V3" "V4" "V5" "V6" "V7" "V8" "V9" "V10" "V11" "V12" "V13" "V14" "V15" "V16" "V17" "V18" "V19" "V20" "V21" "V22" "V23" "V24" "V25" "V26" "V27" "V28" "V29" "V30"
"1" NA NA NA NA NA NA NA NA NA NA NA 2.90222336025702e-09 4.2756754033343e-09 5.7206201387533e-09 2.8922785063554e-09 5.47941815943822e-09 5.12570009204373e-09 3.70239206542096e-09 4.55652494416239e-09 NA NA NA NA NA NA NA NA NA NA NA
"2" NA NA NA NA NA NA NA NA 1.54673405919465e-09 2.29831728903726e-09 1.79385503552264e-09 3.16658404295612e-09 4.94415023235497e-09 4.01866434522473e-09 5.54434148693004e-09 5.62766661286845e-09 4.15799133565137e-09 5.44705503744477e-09 2.41033567593789e-09 2.19710085881344e-09 2.20619344593552e-09 5.38754845650202e-10 NA NA NA NA NA NA NA NA
"3" NA NA NA NA NA NA NA 2.68778962031544e-09 2.1281728520183e-09 2.92381322779253e-09 3.46191468950715e-09 5.15799927500867e-09 6.4001662782133e-09 1.33688448755795e-08 6.97717121725829e-09 4.74399446819836e-09 6.02336047861915e-09 6.12075065319017e-09 3.62613919471892e-09 3.38494752828503e-09 2.95602115147514e-09 2.8968627344773e-09 1.171790684907e-09 NA NA NA NA NA NA NA
"4" NA NA NA NA NA 1.6283718310584e-09 1.10394988456333e-09 3.29584446017965e-09 4.1312723704977e-09 3.85985167323814e-09 3.74725694624923e-09 8.62275537241184e-09 5.90492037783016e-09 9.58050105096625e-09 1.17653202250473e-08 6.29541423578397e-09 7.53618724014735e-09 6.49113513770213e-09 6.60800345809938e-09 4.24272405964386e-09 3.17121097076419e-09 2.68715536333291e-09 1.13115594464079e-09 1.9161780041523e-09 1.11075606513178e-09 NA NA NA NA NA
"5" NA NA NA NA 1.85131645967542e-09 1.75225861341972e-09 2.09865673407188e-09 1.95921055753148e-09 3.96389991858894e-09 3.20231039348527e-09 5.29128043876535e-09 5.8042516228265e-09 1.11249938940949e-08 1.38585795677415e-08 1.6922727621895e-08 1.63810874064041e-08 1.32855519773575e-08 4.96320187182719e-09 6.74832177345798e-09 5.84589460361559e-09 1.97319471829481e-09 2.55339809410066e-09 9.16494621906033e-10 1.7412094387072e-09 2.30276898868065e-10 1.06880380068972e-09 NA NA NA NA
"6" NA NA NA 0 3.69292530735724e-10 1.68844694121537e-09 1.80921848925085e-09 2.73625948587475e-09 5.87587804580958e-09 3.04964291350219e-09 6.89225038537581e-09 8.27848443880123e-09 7.77522302001128e-09 1.9212394759865e-08 1.89786778104115e-08 1.75446804232755e-08 1.42273605323556e-08 8.53357483907662e-09 4.55058781628984e-09 4.72349631375462e-09 2.97027050764286e-09 3.05044902385095e-09 1.52131156246336e-09 2.55272224253777e-09 0 1.73090722237503e-09 8.31391453830935e-10 NA NA NA
"7" NA NA NA 7.97363915848061e-10 6.73511287345313e-10 1.30522256651214e-09 2.7589741051769e-09 2.07399730275855e-09 2.22306246624213e-09 5.51428344169902e-09 6.62963539210967e-09 8.31958208258772e-09 1.15299518049635e-08 2.10849720631006e-08 3.2358489398126e-08 3.1670252300467e-08 1.75179476812008e-08 1.25411478447909e-08 1.00212273544963e-08 4.32782181379014e-09 2.01420270580786e-09 2.82627850209669e-09 1.90067156922128e-09 1.18452788933302e-09 1.29903390498684e-09 2.45419464723611e-09 1.2368489195799e-09 NA NA NA
"8" NA NA 4.35252357931081e-10 4.03434778864679e-10 8.68567963061958e-10 7.01091642194015e-10 1.51975010311181e-09 2.68150320147549e-09 2.46174044778659e-09 5.47277845648258e-09 8.47993935964591e-09 1.12614520784517e-08 1.61048004693487e-08 2.80182375623412e-08 3.26569103136145e-08 3.10369054216549e-08 2.08109226187922e-08 1.50477140376345e-08 9.26903017096039e-09 6.96607673943181e-09 3.85196121454561e-09 3.55931539106113e-09 2.06213556689951e-09 3.58975487982188e-09 9.75266988797861e-10 1.98518440705366e-09 7.5143862788056e-10 7.59603965481253e-10 NA NA
"9" NA 5.10214430980481e-10 7.67342347877209e-10 1.76992443868761e-09 0 1.32288656590706e-09 1.24065293279979e-09 3.4223127342318e-09 2.91305036818075e-09 5.57873688106067e-09 7.2469858196608e-09 6.95063543146042e-09 1.83573853204234e-08 2.46585696441991e-08 4.06020476311949e-08 3.99618058490249e-08 2.47814549729372e-08 1.28347765531372e-08 8.00336541531111e-09 4.78410212447179e-09 6.74298655173599e-09 3.62191144660453e-09 4.81977423283148e-09 1.80129090302751e-09 2.25473392290854e-09 1.79371232819659e-09 2.4388896947653e-09 6.69599876042442e-10 2.15600310892498e-10 NA
"10" NA 1.67430449349674e-09 1.95495385231684e-10 1.03080523578748e-09 1.2070263825676e-09 8.35432129743199e-10 1.55296766992212e-09 2.92521012653145e-09 5.00950587849076e-09 4.59683075658353e-09 9.44399338077929e-09 7.56126195857304e-09 1.75963913229808e-08 3.0759705551724e-08 3.9753469108444e-08 4.3691718730782e-08 3.35853667331956e-08 1.86282229027726e-08 1.18977812937361e-08 7.56256266496946e-09 6.81188597629666e-09 4.1324759774132e-09 1.3115426589065e-09 2.33304399714874e-09 2.80100517452888e-09 2.18354617461522e-09 1.64612773157265e-09 4.25094032183322e-10 3.19855062851893e-10 NA
"11" NA 3.67354294501974e-10 1.45534487163433e-09 1.80884293681061e-09 1.2218944052529e-09 1.76204257180543e-09 1.47295731958747e-09 2.80668870048617e-09 5.50069079385455e-09 4.69568856385573e-09 9.73405238838994e-09 9.20001366848357e-09 1.88588979592173e-08 2.71166035918477e-08 5.01929252093836e-08 4.7276459420067e-08 2.70472345187208e-08 2.13648345579338e-08 1.20792848709509e-08 1.06425169269604e-08 2.44468587754812e-09 7.11488917050092e-09 3.64783633935851e-09 5.84920865964298e-10 4.8109079790073e-09 5.29303971310977e-10 9.71414388802805e-10 1.38146693400369e-09 7.03162507112872e-10 NA
"12" 4.71304125390416e-10 2.93319222983429e-10 1.22346278324987e-09 7.02374659942652e-10 1.34428655747866e-09 1.83204842039927e-09 4.28935119561108e-09 1.92875349726236e-09 2.19190583338368e-09 6.37163357030179e-09 4.84355450178249e-09 1.32604106161539e-08 2.17576556934432e-08 3.07488722171809e-08 6.06366626801032e-08 5.75290505028916e-08 3.99168114493599e-08 1.97458225261997e-08 1.26025963367763e-08 7.37583445928419e-09 5.00004732733496e-09 2.72008648757277e-09 2.37299340454927e-09 1.7444687752394e-09 3.359200146659e-09 9.2820687159695e-10 1.93534431674457e-09 2.12527190339184e-09 1.4235669265237e-09 5.50659255273513e-10
"13" 2.90695158461087e-10 7.92695306275835e-10 4.08987214877477e-10 1.33228368887896e-09 8.33133414726074e-10 2.40055101962757e-09 2.8291408654893e-09 2.49050037497975e-09 1.94953689567727e-09 5.35462992958606e-09 8.21395100454951e-09 8.83901622883748e-09 2.0896872537795e-08 3.49630427328557e-08 6.07238716603826e-08 6.90724333450035e-08 3.03997453612541e-08 2.21807101079524e-08 1.00223222785714e-08 5.95894506520906e-09 5.22640180522989e-09 4.54663252838301e-09 3.969277866164e-09 1.41285381610678e-09 1.78501310061688e-09 1.77481505156108e-09 1.58423451774833e-09 1.71065869964164e-09 1.04512127274931e-09 8.39153065665773e-10
"14" 1.84428728893652e-10 1.29537822812667e-09 1.25171632526614e-09 3.99134869306001e-10 1.37284961152505e-09 2.21058160549452e-09 2.08402230663067e-09 2.89733609774456e-09 3.53449631504911e-09 5.31398360431567e-09 7.66684632800982e-09 1.0771978829839e-08 2.4132447695322e-08 4.59633580464762e-08 7.27308647706136e-08 7.08325566167343e-08 4.02166295985938e-08 2.43030534887573e-08 1.16167017734993e-08 5.60755517474938e-09 3.78709411728522e-09 4.07772628718208e-09 2.92110690273525e-09 1.64058976578711e-09 3.81911315806354e-10 1.76623018607462e-09 1.36258093282305e-09 9.18352631988387e-10 1.91527173978503e-10 8.2628028400225e-10
"15" 7.34982173431855e-10 3.31698119206201e-10 0 7.49797702229609e-10 1.57392874073062e-09 7.9788140519254e-10 1.3686301262655e-09 3.40521277522153e-09 2.31669804211305e-09 4.15637331049795e-09 8.72728739370838e-09 1.48875220547512e-08 1.97640534118226e-08 4.7061947617476e-08 8.15412290331563e-08 9.61442748793042e-08 5.19930677438291e-08 2.22031236809067e-08 1.45562214957047e-08 9.29423044854865e-09 6.65200363823205e-09 4.0305970649729e-09 3.69642347726268e-09 2.24292978291841e-09 1.43956509001853e-09 3.43077911834147e-09 4.73782350337342e-10 1.33014303786657e-09 0 3.05419310837973e-10
"16" 1.35740933724794e-09 1.18502244522191e-09 5.23041978416589e-10 1.25611011997436e-09 1.3499957343054e-09 2.09876630761298e-09 1.26805422821419e-09 1.87388908219065e-09 4.75065196111818e-09 6.72944161176054e-09 1.17963255421421e-08 1.40642770750066e-08 2.40251406491994e-08 4.36881514543882e-08 8.77204391285167e-08 8.34368667757172e-08 4.87166622910507e-08 1.80867230977287e-08 1.61728032459712e-08 8.7469820756458e-09 2.84671528429372e-09 4.894330532887e-09 2.87201157981415e-09 2.58386978816027e-09 3.60643802821792e-09 1.50016484677051e-09 3.2439299816144e-09 1.0360525598387e-09 8.71938901778736e-10 0
"17" 0 6.21746888431513e-10 5.72746172479866e-10 1.56485650650615e-09 1.70520319669403e-09 1.70464385846806e-09 6.66693741427845e-10 4.56047942421087e-09 4.69567060263919e-09 5.5864745889807e-09 9.3658892828971e-09 1.91566038943128e-08 1.47245992925223e-08 4.28044224403716e-08 8.29134362164274e-08 8.52715623379222e-08 5.62423637913186e-08 2.52632094462562e-08 1.3571147325226e-08 4.93116859025464e-09 5.6355318257715e-09 4.13236892604408e-09 3.44714035958449e-09 3.40085923934476e-09 1.66485872257269e-09 2.44754127010579e-09 8.52611919040324e-10 9.05682081565608e-10 7.35894147905794e-10 3.21154737227745e-10
"18" 0 1.52292615582144e-09 1.50364605315594e-10 1.40023067945655e-09 8.85226186466459e-10 2.85385130887005e-09 8.55703452018399e-10 1.89848886925639e-09 4.74410761197392e-09 3.36291911894482e-09 6.1021610031711e-09 1.72540659398916e-08 2.49871751842098e-08 4.27751028822706e-08 7.0826338155623e-08 8.2157221153436e-08 4.14366915563041e-08 2.48406540133637e-08 1.43019937745698e-08 5.21243584784898e-09 6.42486734460411e-09 1.31679241115059e-09 2.7559010748588e-09 2.99905219530802e-09 9.02331126234732e-10 2.05189828319467e-09 1.10421960905214e-09 1.73032802359282e-09 1.13470347027951e-09 0
"19" 4.2653251872594e-10 9.58660506330594e-10 0 1.32338164953631e-09 3.43116049891965e-10 1.46828982448756e-09 4.66344799933301e-09 3.10756482191717e-09 5.39515886554642e-09 7.61629496098367e-09 8.16447755319489e-09 1.24867819185158e-08 2.5258025725014e-08 3.3215231367979e-08 5.9178839408446e-08 5.88956367975618e-08 4.40798117703049e-08 2.44062605392731e-08 1.43556239330381e-08 8.90793111758819e-09 3.17975324759949e-09 3.10729220814408e-09 1.94432424958998e-09 3.34313901418927e-09 2.30595892573317e-09 1.34630220090657e-09 6.08893396923302e-10 8.37785917377276e-10 1.80028415817478e-10 3.60838443317835e-10
"20" NA 8.84728853441667e-10 0 1.25694732043996e-09 9.19753913510894e-10 1.71887220619376e-09 7.83045118193977e-10 2.95586018139876e-09 2.50960800468627e-09 4.17534545688122e-09 5.87873420817695e-09 1.14385137804938e-08 1.93454267901415e-08 3.76207244146856e-08 4.77774637271387e-08 5.5838799006153e-08 3.41667931903357e-08 2.15733744717193e-08 7.91539193697675e-09 5.95504744307353e-09 5.28123464508786e-09 3.19486888386912e-09 2.67513664208896e-09 4.95082457466492e-10 1.46194533635334e-09 6.27696104681682e-10 2.18359756889384e-10 6.73220667772004e-10 5.13602187432463e-10 NA
"21" NA 3.34219447355277e-10 6.0965585517448e-10 4.71690860284299e-10 2.34885722636349e-09 1.69247574088485e-09 2.92188332848196e-09 4.20648910357884e-09 5.92630985080684e-09 4.43845771163968e-09 5.36332327986452e-09 1.19309009426184e-08 1.70579527542045e-08 3.14157683967538e-08 4.98587988017243e-08 5.45941087298848e-08 3.88455911175761e-08 1.92414291057232e-08 1.31649162221053e-08 4.61818221068232e-09 7.7810202472779e-09 4.53186818965324e-09 3.22528073649883e-09 1.36804039189441e-09 0 6.45790442769047e-10 7.61932462539375e-10 1.12224547145327e-09 4.08302389033857e-10 NA
"22" NA 1.28530419132656e-10 4.69148318432834e-10 3.06184159923989e-10 6.49536772989029e-10 1.45227219298998e-09 8.00930041538842e-10 1.57780665038193e-09 3.86153550043537e-09 3.17440223281846e-09 7.86437176113442e-09 1.36996712664804e-08 1.50686759303441e-08 2.20081707882645e-08 3.5103834992939e-08 4.96651540767971e-08 2.46859539565449e-08 1.48933856926886e-08 8.14736485928993e-09 5.7988467900718e-09 5.04289866725351e-09 4.35133037338278e-09 2.88812133853679e-09 9.91738261643123e-10 4.2095097909167e-10 1.08062421353449e-09 1.04339065629068e-09 7.96743453393804e-10 1.00560040269671e-09 NA
"23" NA NA 7.13131887096331e-10 7.74274286778777e-10 1.65919580359864e-09 1.40305138288949e-09 1.78503903980055e-09 1.89809220572239e-09 3.04183923116278e-09 2.63284877105066e-09 5.88256736119894e-09 7.00619425308131e-09 2.31662684510389e-08 2.38509324643041e-08 2.88582351997161e-08 2.7055211889346e-08 1.85831947017148e-08 1.58448892113531e-08 1.3363191498955e-08 4.32420774327633e-09 4.94080541703422e-09 5.59499942854097e-09 3.01389610543677e-09 1.47470332626251e-09 1.26518739078955e-09 2.57565310681352e-09 6.43485122167908e-10 2.3005029553098e-10 NA NA
"24" NA NA NA 6.99198048398848e-10 3.17997412153605e-10 9.9906923431456e-10 1.42848092287863e-09 1.22136701535564e-09 2.74683924843478e-09 6.05469647032777e-09 5.04117873930572e-09 6.86842915421638e-09 1.64929586133878e-08 1.78781490275934e-08 2.5104337396145e-08 2.78214670187258e-08 2.67202761957078e-08 9.49341747081077e-09 8.50091731787658e-09 7.09922939014228e-09 9.90315254130986e-09 3.07518406765964e-09 2.51630986417831e-10 1.59880199410663e-09 7.84392173238766e-10 4.49964544972306e-10 4.31374919010499e-10 NA NA NA
"25" NA NA NA 7.13696604670223e-10 1.82066308107191e-09 5.03491308528977e-10 6.02168466956809e-10 1.97968467286004e-09 3.04833107160563e-09 4.3983884588136e-09 5.9417541217108e-09 5.61490162173535e-09 1.33094802457892e-08 1.27906549424555e-08 1.42745363762021e-08 2.48478766798046e-08 1.16412595222675e-08 9.90386246995412e-09 6.70941808666449e-09 6.57758318718018e-09 6.88736850836421e-09 1.63876783440682e-09 2.40374157401727e-09 2.14800844685437e-09 1.15832901913217e-09 1.35384625765408e-09 2.56369815442668e-10 NA NA NA
"26" NA NA NA NA 7.86697902845655e-10 5.23724276363141e-10 6.70983463106598e-10 3.28342679453923e-10 1.50152409893399e-09 2.3574700122597e-09 4.84306242087061e-09 5.09102510194192e-09 8.66274542091814e-09 1.28268074490635e-08 1.14853895253496e-08 8.95509439932428e-09 7.6786345343602e-09 5.79995850009158e-09 7.44263917312646e-09 6.56216138415965e-09 3.55813104863235e-09 3.02542878939743e-09 9.45413195614947e-10 2.0116787379313e-09 1.04224754008323e-09 0 NA NA NA NA
"27" NA NA NA NA NA 1.10380868132788e-09 1.54196970970097e-09 9.23715568791662e-10 4.87104324399124e-10 2.90844433255414e-09 3.15759346660519e-09 4.48692199945029e-09 6.53085537945238e-09 6.59192029011807e-09 8.06311007491273e-09 5.90404369001229e-09 1.0298967078682e-08 6.76693425071789e-09 6.17824607293044e-09 5.57927285279037e-09 3.8464154012739e-09 3.90906392411944e-09 2.91726161164423e-09 3.27985614288043e-10 1.90691150293484e-09 NA NA NA NA NA
"28" NA NA NA NA NA NA NA 3.25382527700996e-09 1.88998480582317e-09 2.4112684404334e-09 2.36633193617001e-09 2.92706961662219e-09 4.33312500859326e-09 5.04470763573021e-09 5.95954487381346e-09 7.20837587614766e-09 6.33327767726109e-09 4.18764696500532e-09 5.92328834880914e-09 1.55224970413303e-09 3.15985510857569e-09 2.62798926332714e-09 1.12124655924513e-09 NA NA NA NA NA NA NA
"29" NA NA NA NA NA NA NA NA 7.55639890354302e-10 1.99043749132306e-09 2.33131648085003e-09 3.31531222306352e-09 4.12717604673449e-09 3.8608106029062e-09 6.03526138771909e-09 6.75126697033798e-09 6.89744932914383e-09 2.97295253364775e-09 5.28504566280443e-09 3.98941467881004e-09 4.44038225090856e-09 2.59655081851422e-09 NA NA NA NA NA NA NA NA
"30" NA NA NA NA NA NA NA NA NA NA NA 1.69385164961996e-09 2.96389804014126e-09 3.08160220236798e-09 6.95504583003239e-09 4.28173129422943e-09 2.48276029224265e-09 4.34775533733414e-09 3.91774379487761e-09 NA NA NA NA NA NA NA NA NA NA NA
