"V1" "V2" "V3" "V4" "V5" "V6" "V7" "V8" "V9" "V10" "V11" "V12" "V13" "V14" "V15" "V16" "V17" "V18" "V19" "V20" "V21" "V22" "V23" "V24" "V25" "V26" "V27" "V28" "V29" "V30"
"1" NA NA NA NA NA NA NA NA NA NA NA 4.13772664726392e-09 3.58700686331539e-09 4.313162006367e-09 5.86909952074516e-09 2.78923555145284e-09 3.05496481130684e-09 4.48702509177756e-09 2.36650460354256e-10 NA NA NA NA NA NA NA NA NA NA NA
"2" NA NA NA NA NA NA NA NA 1.01271669762305e-09 1.55940836526079e-09 1.48301810537606e-09 4.56168005310954e-09 3.45664400100133e-09 1.89887115887297e-09 6.69136359193366e-09 4.90422849565456e-09 2.43829432568103e-09 2.21842107749972e-09 1.53965011307611e-09 3.38933254274711e-09 1.52264214305329e-09 0 NA NA NA NA NA NA NA NA
"3" NA NA NA NA NA NA NA 3.86344129345349e-10 2.06576144327262e-09 2.0648326031871e-09 2.28191605338035e-09 1.23431377435009e-09 4.80605129963205e-09 3.97848901570038e-09 2.91586715635277e-09 2.68127940662234e-09 2.37667745743551e-09 2.21756499753113e-09 2.0246590674717e-09 7.23660456937685e-10 1.2565333322542e-09 2.52210019668285e-09 1.12829543443106e-09 NA NA NA NA NA NA NA
"4" NA NA NA NA NA 1.66892154442361e-09 1.87160102499783e-09 1.76123265956068e-09 1.12028055877696e-09 2.1033369374596e-09 3.54833513147267e-09 4.40199383448279e-09 5.12947940996246e-09 4.74531492349769e-09 4.61130654263485e-09 7.95708651102515e-09 5.82028743073193e-09 3.45896934903588e-09 1.08848534122489e-09 1.48998219935528e-09 2.20877228240802e-09 7.0120981977052e-10 1.21123986957755e-09 9.68497211872481e-10 4.76434924275543e-10 NA NA NA NA NA
"5" NA NA NA NA 0 5.01541680441792e-10 0 1.4669252930818e-09 1.20736423165496e-09 2.88608734608483e-09 4.33060828162188e-09 4.50282822037761e-09 7.69543532157318e-09 5.5610939513563e-09 5.22464901743515e-09 1.54814881194383e-08 9.54495056939261e-09 4.84117574169007e-09 1.73383782000249e-09 2.03813881494267e-09 2.93731802457285e-10 1.60981650890941e-09 1.5958721944953e-10 1.51793093053291e-09 5.41199158208102e-10 6.20583736510258e-10 NA NA NA NA
"6" NA NA NA 2.15333648552506e-10 4.90220314915786e-10 3.04117080801474e-10 3.46967871181721e-10 1.71553632324285e-09 2.61048756987994e-09 6.11622909744987e-10 3.35883007546356e-09 5.09795964123114e-09 4.37008033987045e-09 8.86189623628105e-09 6.06687211821394e-09 8.95998720912603e-09 1.07067661318079e-08 1.99589438173935e-09 4.42854674560129e-09 2.42644994209589e-09 7.30667205459343e-10 8.24897096617794e-10 1.72641593830566e-10 0 5.61872674207474e-10 9.34921318245752e-10 0 NA NA NA
"7" NA NA NA 4.26151195543614e-10 3.50490017300415e-10 4.21293433974881e-10 2.88545163935217e-09 2.14294675607826e-09 2.94551545870625e-09 3.60771784354396e-09 3.92695873736185e-09 6.57009960226711e-09 3.26567595264992e-09 3.41312817183961e-09 8.56961842265771e-09 6.64836306590701e-09 9.21619621780764e-09 4.77878067759266e-09 1.81471152934353e-09 1.78285879781251e-09 3.07448973957714e-09 1.02662677749099e-09 1.05035288797673e-09 5.37853413338191e-10 9.46948206914867e-10 0 0 NA NA NA
"8" NA NA 5.17263653671996e-10 7.37177078411916e-10 1.83986650365974e-10 5.78536259122661e-10 5.351865542462e-10 1.46979120640998e-09 1.37139606803875e-09 2.99491913807285e-09 4.39333130609382e-09 6.40074448120543e-09 4.37471320870344e-09 3.54956683889755e-09 1.05520245526609e-08 9.1242994376276e-09 1.1273985936283e-08 5.81940089668777e-09 4.24504353846886e-09 3.3894285122568e-09 6.82930507981502e-10 1.54033059768981e-09 8.84215844363826e-10 4.48895616260812e-10 5.01419189484211e-10 6.08985671132358e-10 5.78143785381117e-10 1.8602794834903e-10 NA NA
"9" NA 0 8.86932295749674e-10 0 7.38224058206406e-10 1.41384872819048e-10 1.38790016986433e-09 3.2735948788921e-09 1.68939180957245e-09 4.34491497330096e-09 3.72649527743335e-09 7.55052300919492e-09 4.38190597657037e-09 1.375537686371e-08 1.42421783731597e-08 1.07395589304887e-08 1.0902234020946e-08 6.56018124958649e-09 4.76121689549238e-09 3.58220042877367e-09 1.22167222236887e-09 1.95404515895335e-09 1.91263567099086e-09 4.68700322933551e-10 1.44368985887947e-09 2.55915340551727e-10 8.83307127701358e-10 0 0 NA
"10" NA 0 0 5.16206913288012e-10 1.05028570060675e-09 1.62104906843869e-09 1.09648093242636e-09 1.33861328867175e-09 3.9454046896276e-09 3.11740801623876e-09 3.01253655313301e-09 4.75915479120159e-09 7.03426831600334e-09 1.14237179588289e-08 1.9401198597591e-08 1.51425396193551e-08 1.56514359288593e-08 9.88043221198686e-09 5.54736915132917e-09 4.29827008885933e-09 5.40672594268775e-09 7.79096822042076e-10 2.85711231499808e-09 2.48326284976934e-09 4.94707851745449e-10 3.89571280457793e-10 0 0 0 NA
"11" NA 1.93736235767966e-10 4.53667804876217e-10 2.05597587623049e-10 2.02691346540691e-09 4.34423791964545e-10 4.09620931301653e-10 2.18991708422488e-09 1.60559665539105e-09 1.6201565130531e-09 7.12733870084262e-09 3.73083516380125e-09 7.5696203383213e-09 1.40335589493967e-08 1.30514480587749e-08 2.28535258738508e-08 1.05923792344722e-08 1.0891049502376e-08 9.10791758837571e-09 3.54817528205212e-09 2.17427964305886e-09 3.84446604580357e-10 5.14845644540057e-10 7.30025152301876e-10 1.23323742277659e-09 1.4917908260323e-09 0 0 0 NA
"12" 1.60717430080965e-10 0 1.95890036702277e-10 0 3.04987559216223e-10 2.18769333320592e-10 1.29203297097258e-09 8.03058142371294e-10 1.98184531131018e-09 1.62917267142923e-09 4.71118543891598e-09 5.41992804107893e-09 6.6123323199162e-09 8.90112430355909e-09 1.7618601925848e-08 3.30624580781203e-08 1.77631407619184e-08 6.63926544582384e-09 1.17375023783471e-08 5.40789229668493e-09 4.00747455193507e-09 1.86435139801612e-09 2.54203829908676e-10 9.23843991103573e-10 7.51266970450192e-10 1.50559507076223e-09 4.5962974776819e-10 4.05114098693527e-10 2.74281830043171e-10 0
"13" 2.86800900143097e-10 2.71546344826691e-10 1.18819907249328e-09 7.45716142107873e-10 9.87803991839761e-10 9.60673671664118e-10 6.54129890628061e-10 1.64467392164567e-09 2.12249576590201e-09 3.22190532103706e-09 2.26027383345029e-09 7.04961278932221e-09 7.83540497630428e-09 9.71630037464529e-09 1.54062457511728e-08 2.45374451998411e-08 1.90179008675622e-08 1.11032341024972e-08 5.76622270033928e-09 5.87170768721131e-09 3.69009637453995e-09 2.11171339623973e-09 2.31942944627646e-09 1.16043388459457e-09 5.05338192557387e-10 0 3.80894098421711e-10 3.81229178210212e-10 2.30548851254135e-10 0
"14" 0 2.53587713488127e-10 2.2899115746016e-10 8.08879595445183e-10 1.68935103445057e-09 0 1.22132009503101e-09 2.07534703561586e-09 2.12513122288815e-09 1.33049163499017e-09 1.51071074520045e-09 4.10850801046215e-09 1.12644291814018e-08 1.69848862504454e-08 1.38251060893029e-08 2.27713021567512e-08 2.01803978934016e-08 1.48661560582978e-08 4.30652045108148e-09 3.81578064045985e-09 2.53908027840305e-09 8.90457883298808e-10 8.25263994728214e-10 1.15223666933578e-09 1.27704266750057e-09 6.63194543810398e-10 2.370010000269e-10 0 3.50143703666394e-10 7.84159429329643e-10
"15" 6.46150731830929e-10 1.46618866618849e-09 4.00740521043201e-10 2.13502683189094e-10 8.86244518909909e-10 8.07217073890759e-10 1.59442023102239e-09 1.21709144986937e-09 1.61531069209608e-09 2.42399695342872e-09 2.1108847360327e-09 5.32420051906379e-09 9.31478906362994e-09 1.26371752417421e-08 2.48854453805778e-08 2.09429179220368e-08 2.07278996271644e-08 1.11381819085839e-08 4.97713931353668e-09 4.93702089161678e-09 9.54119308338821e-10 2.12587690367223e-09 0 1.90080731832997e-09 1.00461653372076e-09 7.77589761999931e-10 3.75410365328255e-10 2.87358896148724e-10 2.61462153359256e-10 0
"16" 0 6.58479447773484e-10 4.32638915449143e-10 1.04295014708108e-09 3.76469763362299e-10 1.28956410758329e-09 1.22996525177943e-09 1.04007954145954e-09 2.6833328385602e-09 4.80412953518206e-09 2.52762021865013e-09 4.7385228303956e-09 9.86311985102983e-09 1.47670380893572e-08 1.94983362397585e-08 2.42650919963863e-08 2.1787416400917e-08 1.23956373489264e-08 5.71037257991299e-09 2.41010076965688e-09 2.95720943329146e-09 1.6417957835604e-09 2.04848416748287e-09 1.31814485213684e-09 6.18429591836487e-10 6.1622374338203e-10 0 3.79588051935779e-10 0 4.27972035616989e-10
"17" 0 6.51738641603623e-10 1.14811123988839e-09 3.1492282463002e-10 1.03630036113769e-09 1.49386830255055e-09 1.38755323911472e-09 8.47266719380285e-10 2.80703039425856e-09 3.13313785368644e-09 4.16513619253509e-09 6.07996841547246e-09 1.02391974553069e-08 8.49858725466554e-09 2.03023320818811e-08 2.18600575264252e-08 1.5391010764007e-08 2.05718452166293e-08 8.59921265697149e-09 1.39567709266613e-09 2.36105229902328e-09 1.43479272975569e-09 1.16386107548298e-09 5.24666800466168e-10 4.67795695473502e-10 0 0 1.26907560961407e-09 0 2.31775734687981e-10
"18" 3.2225423322679e-10 4.15622654041478e-10 1.46995618571537e-10 7.55767809667561e-10 1.71321471890711e-09 1.72788313181935e-10 6.31819594111867e-10 1.01778020289254e-09 1.95837643784787e-09 3.38115393072171e-09 1.34840158586835e-09 4.28817465944952e-09 8.9549090186608e-09 1.69848716160434e-08 1.82941622494898e-08 2.10340306097168e-08 1.71271615846566e-08 1.32518625665247e-08 5.9270261945572e-09 4.31329913552888e-09 1.57268854163918e-09 1.41399797612068e-09 6.31610913512737e-10 8.79943165358161e-10 7.68251702652735e-10 1.01586450398518e-09 6.0297719930614e-10 2.49689422910464e-10 1.62526249613514e-10 5.92880533127785e-10
"19" 7.11725344878062e-10 5.07568722994307e-10 4.38614638804645e-10 7.12674314562223e-10 1.97466499625204e-10 0 9.54953499509254e-10 1.62899592428802e-09 2.69915751337429e-09 3.23373681543854e-09 2.10034007306692e-09 5.66941308379086e-09 8.98467370355452e-09 1.30079198974726e-08 1.98136549492633e-08 1.3057511365094e-08 1.68418095917167e-08 1.09054857443413e-08 6.26697459004655e-09 1.23060409011724e-08 7.10803976124087e-10 3.28093245164165e-09 4.36846393015849e-09 2.24941971192379e-09 3.69992341600177e-10 5.92398417245009e-10 0 0 6.66957532514156e-10 0
"20" NA 2.25149700985828e-10 9.69937400543018e-10 2.73202368930149e-10 5.91429577704807e-10 5.64871774113973e-10 4.54845066736534e-10 2.13782058893093e-09 1.8210482575535e-09 2.37002951545711e-09 4.52925637935914e-09 5.63850975742441e-09 6.98812873242835e-09 1.78028850618512e-08 2.44165611536437e-08 1.96144060644807e-08 1.20016481174799e-08 4.08450276229412e-09 7.0331975339135e-09 3.40531386977619e-09 2.94332249073314e-09 1.70877570512305e-09 1.13378728849279e-09 1.42288735577834e-09 2.4278220682024e-10 8.82297308964983e-10 8.5658203888473e-10 4.01827972977315e-10 0 NA
"21" NA 0 9.11031327634877e-10 3.98363026449048e-10 5.59564699459871e-10 1.99767383693726e-10 1.30233959036127e-09 1.21644366102683e-09 3.76247001667615e-09 2.01117683421761e-09 9.63113836965515e-09 5.06375497963902e-09 6.25669130112775e-09 6.65003273986738e-09 1.55878829589999e-08 1.39629359602607e-08 2.0186187050784e-08 7.51570464352862e-09 7.26899535031567e-09 4.71628644428023e-09 2.22761467023748e-09 1.63662130556764e-09 1.15312928011411e-09 2.05675861580876e-10 1.22958465062289e-09 0 4.67687354164347e-10 1.62655847460505e-09 5.93802099020531e-10 NA
"22" NA 4.86208833642775e-10 3.1039043783044e-10 2.57842300941352e-10 1.18564228797916e-09 6.92886452548627e-10 1.0915400928019e-09 2.92660427274111e-09 5.38746335202096e-10 2.8176939901232e-09 4.29923028815394e-09 4.38093460992649e-09 9.91061329937349e-09 4.16775392456999e-09 8.72578689962783e-09 1.28650638893281e-08 5.73104852898593e-09 8.28552625162852e-09 4.72224976496654e-09 1.57690299432505e-09 1.33248280307846e-09 1.82820068178928e-09 1.23931658970454e-09 0 6.07743268628807e-10 4.00268244292553e-10 7.3578111184156e-10 0 0 NA
"23" NA NA 5.5948398152564e-10 0 0 0 1.09272007889996e-09 0 0 3.54105378541905e-09 2.27985047674845e-09 2.94607982890047e-09 1.06212890295463e-08 9.61336510293164e-09 9.27731613686194e-09 1.84994887000311e-08 8.80089658034471e-09 1.13475845951794e-08 2.42285687294551e-09 2.29296777919823e-09 2.28770500446157e-09 1.6185139416704e-09 1.46303613727948e-09 0 8.56030513550964e-10 2.22719320867815e-10 0 3.35298222314661e-10 NA NA
"24" NA NA NA 2.42188571801586e-10 1.85962030155887e-10 5.24781327683999e-10 1.13514225880528e-09 1.22673307706479e-09 2.91236172049166e-09 3.25110406058111e-09 3.24852892579105e-09 3.85797382661819e-09 4.85037529216416e-09 9.88539954103065e-09 1.33898167550336e-08 6.91543995601125e-09 8.29018157973422e-09 5.12800776263696e-09 4.83723175119666e-09 1.26917976396073e-09 1.09995057669226e-09 2.32750551984436e-10 7.08805815372799e-10 5.65578334106208e-10 8.04281903356717e-10 0 3.94262508695389e-10 NA NA NA
"25" NA NA NA 1.49923144469409e-09 1.75130146417223e-10 3.8724276030438e-10 1.67502138934366e-09 6.47850236428324e-10 2.34432610212625e-09 2.30390235796034e-09 1.89601130623133e-09 4.55434188365266e-09 5.36981929984476e-09 1.58447350326406e-08 9.57503563170891e-09 7.29728713946248e-09 5.90060258578469e-09 5.60477854131138e-09 5.29730421769723e-09 1.97275399804573e-09 3.34350231752244e-09 1.84690618375176e-09 2.13173051815442e-10 0 1.92796011970689e-10 8.12554611520753e-10 2.71837679163418e-10 NA NA NA
"26" NA NA NA NA 0 4.20790692100663e-10 1.65030936330109e-09 7.4767332259195e-10 2.12055230761601e-09 2.20085175810953e-09 1.93244426768138e-09 3.38511877674921e-09 1.06177072131739e-08 6.77088158687535e-09 6.85004852946515e-09 1.24794289701181e-08 7.28693255566933e-09 2.51594147048602e-09 1.96420536728297e-09 2.27592888893809e-09 1.05435442535172e-09 2.21025398365705e-09 1.5456229776737e-09 4.98492562204125e-10 3.46262820541275e-10 5.35895053746493e-10 NA NA NA NA
"27" NA NA NA NA NA 0 9.96522345895738e-10 1.71214954155997e-09 7.20686464692862e-10 1.6313688337673e-09 1.38859496668897e-09 1.78450344040916e-09 2.79259093997635e-09 6.37623200801777e-09 5.99327585433984e-09 3.89569953334383e-09 9.90937832323983e-09 3.66174358124744e-09 1.82232219653311e-09 1.24927025419052e-09 1.68451991055881e-09 3.37591003634177e-10 0 0 0 NA NA NA NA NA
"28" NA NA NA NA NA NA NA 2.26778415965324e-10 2.73021268223258e-09 3.96132314818274e-09 3.13209078204128e-09 4.22297930925939e-09 8.34014265603756e-09 6.80842824952604e-09 3.93183345136675e-09 6.84938041788316e-09 6.86296866125074e-09 7.73970535952913e-09 2.25232496138576e-09 2.46718890120275e-09 3.75029131973293e-09 7.54540046610154e-10 1.27372785162979e-09 NA NA NA NA NA NA NA
"29" NA NA NA NA NA NA NA NA 2.57127039593861e-09 4.48719579271552e-10 2.38712328985169e-09 2.71757350705401e-09 5.26777606005502e-09 6.0746280255997e-09 4.30473425829658e-09 5.41806345252765e-09 1.81888930714197e-09 1.50459304548676e-09 2.09971293848256e-09 2.38371758926433e-09 1.16291220632801e-09 4.26162173301239e-10 NA NA NA NA NA NA NA NA
"30" NA NA NA NA NA NA NA NA NA NA NA 3.17014218682255e-09 8.15004770820237e-09 6.47612762504414e-09 3.21702070533479e-09 3.28029328545163e-09 3.3721694489139e-09 3.83937038587569e-10 1.16159041026609e-09 NA NA NA NA NA NA NA NA NA NA NA
