"V1" "V2" "V3" "V4" "V5" "V6" "V7" "V8" "V9" "V10" "V11" "V12" "V13" "V14" "V15" "V16" "V17" "V18" "V19" "V20" "V21" "V22" "V23" "V24" "V25" "V26" "V27" "V28" "V29" "V30"
"1" NA NA NA NA NA NA NA NA NA NA NA 3.68188482643767e-09 5.14933649831297e-09 6.34835359127838e-09 6.68212571869607e-09 1.15468044892367e-08 7.40637761283835e-09 6.71091013142749e-09 9.36217043221771e-09 NA NA NA NA NA NA NA NA NA NA NA
"2" NA NA NA NA NA NA NA NA 2.94822105128701e-09 2.82597276056596e-09 3.84182478525496e-09 5.28118126515872e-09 4.84212922598099e-09 9.45054722357635e-09 5.87089670527648e-09 9.66960561896856e-09 5.6008770880533e-09 7.43966497119236e-09 6.57785788637613e-09 6.36137711344026e-09 4.3701532711783e-09 6.48300173446447e-09 NA NA NA NA NA NA NA NA
"3" NA NA NA NA NA NA NA 4.00193359957605e-09 4.02118148667942e-09 6.77747923921783e-09 5.97867136140107e-09 8.84275126037631e-09 7.85879105142601e-09 6.78554214352661e-09 8.53230487069947e-09 6.11908515899709e-09 8.26487303101695e-09 1.18052640357068e-08 6.38441276242511e-09 6.10962171868214e-09 3.74855572770828e-09 6.44793497581594e-09 3.11455598169522e-09 NA NA NA NA NA NA NA
"4" NA NA NA NA NA 3.08274026207762e-09 6.14731000386698e-09 5.2917086850497e-09 8.29927812686977e-09 5.2978832908091e-09 4.2203788822153e-09 7.03161600970431e-09 8.94346649426829e-09 1.33183633509613e-08 1.00373580166066e-08 7.95238235552432e-09 7.26720621098301e-09 1.12706319192433e-08 1.02392220020346e-08 4.33218832863076e-09 6.08337000180086e-09 8.79913482598678e-09 4.97924569564253e-09 2.390797042343e-09 2.8513989570045e-09 NA NA NA NA NA
"5" NA NA NA NA 2.94707276211086e-09 4.38665948249882e-09 4.33094287560509e-09 6.01818868463876e-09 3.26476798001945e-09 7.28381711176928e-09 7.51245692410109e-09 9.42024178847863e-09 6.63571257010055e-09 1.21339553574345e-08 8.09575307549839e-09 1.05577649753814e-08 1.07184679751603e-08 1.24674186096509e-08 8.21944626264077e-09 5.85471651956186e-09 5.88700090886853e-09 6.14660761468365e-09 2.89215267948224e-09 1.23523681294184e-08 4.51326113001479e-09 2.69752806764671e-09 NA NA NA NA
"6" NA NA NA 1.62044158764995e-09 2.64885141951047e-09 2.03957850410528e-09 4.15941738727709e-09 3.64016656810896e-09 7.44037978696363e-09 1.42975392232348e-08 9.00672732156738e-09 8.89922718522377e-09 8.0479407889756e-09 1.44487354494005e-08 1.33390342366842e-08 8.37481377526939e-09 1.52097418985663e-08 9.34741595114096e-09 7.96146887701526e-09 8.81522225610642e-09 5.14387350056562e-09 6.78463091370971e-09 7.12846788353608e-09 6.41668782053336e-09 5.74541613678892e-09 3.20982492404462e-09 1.00216646171745e-08 NA NA NA
"7" NA NA NA 3.91528281833595e-09 2.45813827386177e-09 3.740044547712e-09 2.03008796907497e-09 4.21549145609125e-09 5.07827658463739e-09 9.15532240741172e-09 9.94964285696646e-09 1.00198950970756e-08 1.37142643790752e-08 1.07107103460766e-08 1.63985454454608e-08 1.3090817587388e-08 1.67333244060998e-08 1.40505378624922e-08 1.22451554133178e-08 8.59553377286297e-09 6.33463575828466e-09 6.02768281026165e-09 4.04566751428802e-09 1.11431451684084e-08 3.30523308499261e-09 3.67081318781559e-09 6.0596846490175e-09 NA NA NA
"8" NA NA 2.30631399347795e-09 3.54213046324006e-09 4.98710359920527e-09 3.55235265846018e-09 6.44093310561027e-09 7.09159068524742e-09 7.43459392086612e-09 4.39219195055208e-09 6.13215190710359e-09 1.10253758441707e-08 1.58354463996923e-08 1.62103578754089e-08 2.16623574603e-08 1.08634520083207e-08 2.03592667494298e-08 1.15191629080627e-08 1.71684096387815e-08 1.14138582264849e-08 7.06429809523278e-09 8.31454847145085e-09 4.04977748710386e-09 4.17262207364733e-09 3.8811800125897e-09 3.23071454885935e-09 2.90031144203063e-09 2.21464973496651e-09 NA NA
"9" NA 2.44449014630115e-09 2.27159985467957e-09 3.22661014596369e-09 3.9875709665506e-09 4.86119426253764e-09 6.80583588953945e-09 5.47570223561712e-09 1.04758543069373e-08 7.82591817670343e-09 9.5442682838086e-09 1.45082445702012e-08 2.00222257998372e-08 1.77376510534893e-08 2.46765669815726e-08 2.43472484395799e-08 1.67160709961897e-08 1.52394150316646e-08 1.42207963490793e-08 1.42789765838624e-08 1.17540405224193e-08 6.06129553983887e-09 6.3753714619756e-09 5.16421617135115e-09 5.7106519104094e-09 1.48190375863179e-09 2.45721204660448e-09 1.39661325377358e-09 8.30718909338811e-10 NA
"10" NA 1.99505233926104e-09 4.14242004200842e-09 2.85838493040196e-09 5.96125036235788e-09 5.59979992551269e-09 6.81589273420207e-09 8.68572104450079e-09 7.02598301790894e-09 9.47720149018899e-09 9.08301206063431e-09 1.39926072905678e-08 2.01495291780041e-08 2.15849177661998e-08 2.51294155011801e-08 3.34188298001524e-08 2.33944077558995e-08 1.904491024252e-08 1.80295089933287e-08 2.00961348736105e-08 1.03877396515051e-08 1.14625371915873e-08 5.9690357923735e-09 4.93970654203783e-09 2.63709067693434e-09 4.56673733893183e-09 2.12280178024616e-09 2.12542123118026e-09 2.39174846133014e-09 NA
"11" NA 1.90061875696656e-09 3.89402493581323e-09 4.893482953388e-09 4.79072983448829e-09 4.8424614631866e-09 8.89576090065891e-09 6.06982286788454e-09 8.19764224724385e-09 9.64518079238016e-09 8.3669859882464e-09 1.83804643852187e-08 2.09094131224313e-08 1.8061422060464e-08 3.78854451750811e-08 2.62717556276344e-08 1.9711937105811e-08 1.99234540552328e-08 1.8954836623017e-08 1.13198567912638e-08 1.12701581506605e-08 9.34918028284782e-09 7.07553113034827e-09 5.66785442795495e-09 5.12555285034233e-09 4.2127649782584e-09 2.22657272036275e-09 2.45372949465552e-09 1.54393240792144e-09 NA
"12" 7.17736402512412e-10 2.27551225856591e-09 3.05740096305073e-09 2.96742811507159e-09 3.88072163762578e-09 4.82613658350674e-09 7.83156303822667e-09 8.05354961431288e-09 1.24851130719194e-08 7.7045952868078e-09 1.18334247645596e-08 1.4313154749453e-08 1.80793829427958e-08 4.16507232264552e-08 2.99301284723895e-08 2.2056424090116e-08 2.41722184530539e-08 2.22516799978333e-08 3.14438931571351e-08 1.14265349275297e-08 1.41728571400445e-08 8.1776339788569e-09 6.08921566761628e-09 4.97801205304901e-09 5.05089843754534e-09 3.19955372161045e-09 1.46887666342e-09 1.75946225677433e-09 3.21130284967281e-09 7.29606697026083e-10
"13" 2.40947858391235e-09 2.32938796750593e-09 3.62069405221479e-09 3.41523791095608e-09 4.24150610656858e-09 2.11724166649004e-09 2.78437031637577e-09 8.60630405450774e-09 1.1232528802469e-08 1.11512379234802e-08 1.78101648362979e-08 2.73647567130686e-08 2.11623203336142e-08 2.94629444603193e-08 3.29897952349239e-08 4.08398573835231e-08 2.97283073703954e-08 2.3548294717852e-08 1.98990492572933e-08 1.3747442000721e-08 1.33589668540705e-08 7.89050490451643e-09 7.14921271402818e-09 4.96591731247319e-09 4.32955043445473e-09 1.71409779570764e-09 4.55301844434418e-09 3.92324641003745e-09 2.29555288483398e-09 1.05027114514017e-09
"14" 1.84828141481142e-09 8.97601036393284e-10 4.85407720154641e-09 4.56281217437212e-09 3.35095757839351e-09 5.9814973754671e-09 9.43466559405473e-09 7.21302687897378e-09 1.03695140533753e-08 9.54433314301881e-09 1.32156981921343e-08 1.65179006116627e-08 2.46600294145028e-08 2.64556508255916e-08 4.91271827258903e-08 2.96348373984605e-08 3.13450889710032e-08 2.37320414092187e-08 1.69588026572119e-08 2.13300347761504e-08 8.97096186461157e-09 1.48200126566015e-08 6.96058021381463e-09 2.80415079661234e-09 6.73581473285717e-09 2.81208907364375e-09 3.33667086189082e-09 2.18247442473352e-09 2.11553917674235e-09 1.76465648629866e-09
"15" 3.57609442152961e-09 1.84565452139859e-09 5.67237578024741e-09 3.15393377731843e-09 5.27566303510434e-09 4.58790018849053e-09 3.47524486298673e-09 5.61571934648105e-09 7.32863663264125e-09 1.16539433300256e-08 1.23292355766818e-08 1.75530864403233e-08 2.521363100486e-08 3.44184121559482e-08 3.52795196121336e-08 3.72128942515708e-08 6.2280381626806e-08 2.68153506870265e-08 2.45734271499636e-08 1.52783599197113e-08 1.23853637915548e-08 1.01053242255525e-08 4.83467079076124e-09 2.2296077822467e-09 4.28836504098353e-09 3.65098307465048e-09 4.44572387777471e-09 2.85933868305901e-09 2.60143805240221e-09 7.36037167162539e-10
"16" 1.71309200903648e-09 1.98945346351286e-09 4.37882656649237e-09 4.69348237467125e-09 6.61134654253675e-09 6.70632388867355e-09 2.55023988719706e-09 9.89357257254622e-09 1.02125484558411e-08 1.44560180052334e-08 1.91246213625071e-08 2.02172930947553e-08 2.46572922702665e-08 3.66516668878525e-08 4.57938203375576e-08 4.75973692941289e-08 3.17853420203342e-08 3.19280739797065e-08 1.9041067093664e-08 1.77055678851428e-08 1.01985186348778e-08 9.09974962700992e-09 3.94075087750537e-09 5.70183109577358e-09 6.64183363024921e-09 5.98517283488068e-09 3.56010216019533e-09 1.9594538733639e-09 7.61993158827978e-10 9.11286369187355e-10
"17" 1.20014431386032e-09 3.36207672155369e-09 1.58373257139817e-09 4.09800132000565e-09 2.62247294211326e-09 4.58767131020852e-09 7.30682821664335e-09 1.11322076508155e-08 1.09401731757221e-08 1.12990037473038e-08 1.10473553259847e-08 2.46122124829392e-08 2.4852380343741e-08 3.07821495015699e-08 3.81424048808385e-08 4.29662778192914e-08 3.11187730679464e-08 3.10197574945392e-08 1.8409051544442e-08 2.20811506290366e-08 1.22864849834168e-08 1.08034024961428e-08 6.67754506907968e-09 7.19067363637647e-09 5.54388282558224e-09 4.7954748504753e-09 3.07410575328155e-09 3.26418440967718e-09 2.78740857569923e-09 1.93134605949443e-09
"18" 1.61019125875588e-09 3.98498645747012e-09 2.6901095483714e-09 4.76032742760723e-09 6.38514172076375e-09 3.643093904072e-09 4.48554824096383e-09 4.89316956931568e-09 8.60392063800506e-09 8.65186949705634e-09 1.32199390548221e-08 1.56068940279366e-08 3.67125819236292e-08 3.53735872505211e-08 5.03898241725081e-08 3.81180842568185e-08 3.27476087838419e-08 1.84551138568707e-08 1.64757543550699e-08 1.78693127818855e-08 1.37169708587791e-08 8.51397240924153e-09 8.3006960585528e-09 7.05225394702004e-09 3.57072105202226e-09 3.66178583405163e-09 2.71513031693833e-09 4.97111557802739e-09 1.83037934406297e-09 1.42568036942501e-09
"19" 2.46961874315508e-09 2.92964278321507e-09 2.99912009102289e-09 3.93126802804806e-09 2.1629598485124e-09 5.95684880836336e-09 8.01950649505629e-09 5.34318349280118e-09 9.84621509051869e-09 1.03994878667964e-08 1.44962725388419e-08 1.75872970570999e-08 1.80727262690307e-08 2.03517466286946e-08 2.94169771450791e-08 3.0990149029385e-08 3.06829268239542e-08 2.53074354756264e-08 1.55592264130683e-08 1.32841679752962e-08 8.06555031861618e-09 8.08884271408423e-09 6.83002115433511e-09 4.58347274990633e-09 4.43879987257372e-09 4.94057344788071e-09 3.07405237337038e-09 3.01627872320605e-09 1.77260873799579e-09 0
"20" NA 2.95369001003193e-09 2.66587191151157e-09 3.06790914726117e-09 3.85979862687308e-09 4.22923751158489e-09 3.52446238175867e-09 6.5606555073861e-09 5.68346068078305e-09 8.23994698736942e-09 1.28207631329621e-08 1.64771137063794e-08 1.74392636459621e-08 2.65140354910287e-08 2.59225256443352e-08 2.32778181185849e-08 1.76899494566024e-08 2.24725651874252e-08 1.61073187637985e-08 1.11158605694205e-08 8.4558253397062e-09 5.3554033490633e-09 9.55380345580967e-09 6.95971382027198e-09 3.22346525453593e-09 3.29239821467991e-09 2.02939888114304e-09 2.20089439457479e-09 3.88196290030057e-09 NA
"21" NA 3.22925548335036e-09 2.200998383679e-09 2.07234269890545e-09 1.57987035240169e-09 2.42964444654694e-09 5.17987121124226e-09 4.11685670146467e-09 8.5062355057965e-09 7.62752741177532e-09 1.08678872760327e-08 1.33652936918488e-08 1.04274540904769e-08 2.78884829298807e-08 2.20322146504173e-08 2.32773614300447e-08 2.72230107736678e-08 1.40592276315851e-08 1.45615331071353e-08 1.38212053356516e-08 7.54211095920298e-09 6.64171266537992e-09 4.34093786918756e-09 4.82808133247834e-09 5.87719888647926e-09 4.26727005220843e-09 1.86072071924938e-09 4.21266246966264e-09 2.33041834436154e-09 NA
"22" NA 4.0752576950453e-09 2.01716357529634e-09 3.29164953018334e-09 2.7586303831495e-09 1.88708276380823e-09 4.75421860713409e-09 5.39612381675842e-09 7.8994507250561e-09 5.02579646868599e-09 8.81504540972609e-09 1.14721290880025e-08 1.3737019794172e-08 1.87665647257185e-08 2.87941061582377e-08 1.99844899613553e-08 1.97096224155054e-08 1.22053877171642e-08 1.24586437285275e-08 7.6157482804587e-09 7.40665795563415e-09 8.31956409256251e-09 3.42588688338202e-09 5.80705779906971e-09 4.95902030850335e-09 6.20940497150035e-09 2.86761259055185e-09 2.16907685458642e-09 1.14406012133966e-09 NA
"23" NA NA 3.94393728345295e-09 1.53180384656699e-09 1.83313123526199e-09 4.31202714273518e-09 3.61341905049587e-09 4.14168611057058e-09 5.97489744206596e-09 9.06488423607685e-09 7.6941257881563e-09 1.26714124022695e-08 1.3075996804058e-08 2.17390055528346e-08 1.74552395737304e-08 2.69413497377174e-08 1.60999457894804e-08 1.41111923020287e-08 8.85749537463023e-09 9.72840405688842e-09 7.76351060722144e-09 1.23027816643161e-08 5.08303664843129e-09 6.24009065798071e-09 5.52688801984236e-09 3.48628150333492e-09 1.74195762752842e-09 3.78215623296552e-09 NA NA
"24" NA NA NA 2.68693862988771e-09 2.52857533858403e-09 2.42324145672513e-09 3.16553649384663e-09 3.44310921944711e-09 3.84902184086357e-09 9.73793296674199e-09 9.62795500026384e-09 2.11657031029069e-08 1.4280813665649e-08 1.7010516733451e-08 1.12785452348136e-08 1.98888140225517e-08 1.14766678933161e-08 1.02838713103189e-08 9.682581666034e-09 7.98908154197360e-09 8.77140145969902e-09 3.52675301393714e-09 5.46650560217978e-09 5.12863927161511e-09 3.80566441915031e-09 4.02807725298609e-09 2.44672858947366e-09 NA NA NA
"25" NA NA NA 1.31499586320977e-09 1.97964462870581e-09 3.26351018800074e-09 3.29517519361244e-09 4.87037798988524e-09 8.33689251181568e-09 9.6481921750154e-09 1.90571017362419e-08 7.33646922516555e-09 1.07645051347424e-08 1.34959994737074e-08 1.54829593386045e-08 1.79099702598612e-08 1.52739807588761e-08 1.16878254709216e-08 1.29081989505047e-08 8.64396565669497e-09 7.05519824089360e-09 6.06924602622877e-09 4.44095500673374e-09 7.54275528705815e-09 3.1110629457691e-09 3.63785883133183e-09 1.57842743056671e-09 NA NA NA
"26" NA NA NA NA 2.52910945016223e-09 2.49833033055178e-09 7.36163104564454e-09 2.44454486130257e-09 3.82754862783711e-09 4.86520547434962e-09 7.34696088263492e-09 6.57403201080774e-09 8.07632230811251e-09 7.55763271073384e-09 9.01707974784213e-09 1.0037686782736e-08 1.04049976992532e-08 9.54038906033661e-09 1.1437653943659e-08 8.02372720364375e-09 6.03505927116875e-09 7.13127225408752e-09 7.00217010394365e-09 4.83456909313309e-09 3.01751734325157e-09 5.94058431245178e-09 NA NA NA NA
"27" NA NA NA NA NA 3.57501760158149e-09 3.48363935258952e-09 5.96611701049421e-09 3.33490956856252e-09 8.06621972780418e-09 5.80058100657043e-09 1.07913788603115e-08 9.10928793055618e-09 9.66383144442482e-09 7.69457293439271e-09 1.17081962524454e-08 1.08387605165643e-08 8.59331732576316e-09 1.00117293274762e-08 6.62534114456321e-09 4.21893346528934e-09 9.18523046230733e-09 4.68468152676021e-09 5.70634542637148e-09 4.30418331918089e-09 NA NA NA NA NA
"28" NA NA NA NA NA NA NA 2.51734691854364e-09 4.58007161353738e-09 2.97544648508746e-09 4.82439137998106e-09 8.58200571796537e-09 5.40883895585105e-09 5.69475794886364e-09 7.66220438814077e-09 7.23039017151359e-09 9.77206359354847e-09 7.78486837357427e-09 6.04457893662359e-09 6.39376778212346e-09 5.14613137308707e-09 4.07989750489826e-09 4.0489102908161e-09 NA NA NA NA NA NA NA
"29" NA NA NA NA NA NA NA NA 3.02950765603075e-09 3.99076210511913e-09 3.7353714324568e-09 5.19041101203464e-09 5.64287960991623e-09 1.23362632206113e-08 5.58142653782767e-09 6.23724953187805e-09 5.18157379121413e-09 5.17167864039503e-09 9.43336022814991e-09 6.99896801304437e-09 6.71159440475387e-09 3.58258158702521e-09 NA NA NA NA NA NA NA NA
"30" NA NA NA NA NA NA NA NA NA NA NA 5.80218728619323e-09 5.33315781992438e-09 1.02295542931475e-08 7.07702362091748e-09 8.4579519157879e-09 7.33969666316473e-09 6.25457383675666e-09 3.57657269593474e-09 NA NA NA NA NA NA NA NA NA NA NA
